point     x     y slice color    ID
    0   992  2748     1     0  1296
    1   928  2636     1     1  1297
    2   884  2540     1     2  1298
    3   832  2260     1     3  1299
    4   844  2096     1     4  1300
    5   844  1872     1     5  1301
    6   896  1580     1     6  1302
    7   888  1512     1     7  1303
    8   916  1468     1     8  1304
    9   968  1500     1     9  1305
   10   996  1588     1    10  1306
   11  1092  1804     1    11  1307
   12  1136  2136     1    12  1308
   13  1120  2260     1    13  1309
   14  1112  2432     1    14  1310
   15  1084  2668     1    15  1311
   16   980  2644     1    16  1312
   17   976  2512     1    17  1313
   18   980  2276     1    18  1314
