point     x     y slice color    ID
    0   918   548     1     0     1
    1  1028   701     1     1     2
    2  1096   855     1     2     3
    3  1182  1288     1     3     4
    4  1172  1533     1     4     5
    5  1110  1884     1     5     6
    6   942  2288     1     6     7
    7   903  2427     1     7     8
    8   874  2509     1     8     9
    9   812  2442     1     9    10
   10   802  2355     1    10    11
   11   735  1956     1    11    12
   12   721  1456     1    12    13
   13   730  1278     1    13    14
   14   759   966     1    14    15
   15   783   668     1    15    16
   16   971   721     1    16    17
   17  1019   879     1    17    18
   18  1004  1264     1    18    19
