point     x     y slice color    ID
    0  1004   570     1     0   191
    1  1080   686     1     1   192
    2  1136   818     1     2   193
    3  1260  1198     1     3   194
    4  1256  1426     1     4   195
    5  1248  1778     1     5   196
    6  1140  2234     1     6   197
    7  1120  2390     1     7   198
    8  1092  2474     1     8   199
    9  1040  2398     1     9   200
   10  1000  2238     1    10   201
   11   876  1950     1    11   202
   12   800  1410     1    12   203
   13   800  1222     1    13   204
   14   832   974     1    14   205
   15   880   674     1    15   206
   16  1016   710     1    16   207
   17  1016   862     1    17   208
   18  1036  1238     1    18   209
