point     x     y slice color    ID
    0   952   502     1     0   115
    1  1052   674     1     1   116
    2  1128   822     1     2   117
    3  1268  1226     1     3   118
    4  1276  1458     1     4   119
    5  1272  1798     1     5   120
    6  1148  2258     1     6   121
    7  1152  2410     1     7   122
    8  1148  2522     1     8   123
    9  1056  2438     1     9   124
   10  1008  2290     1    10   125
   11   852  1938     1    11   126
   12   776  1450     1    12   127
   13   772  1258     1    13   128
   14   788   966     1    14   129
   15   816   662     1    15   130
   16   996   694     1    16   131
   17  1008   858     1    17   132
   18  1028  1242     1    18   133
