point     x     y slice color    ID
    0   920   522     1     0   153
    1  1036   674     1     1   154
    2  1116   834     1     2   155
    3  1256  1210     1     3   156
    4  1244  1410     1     4   157
    5  1228  1722     1     5   158
    6  1024  2178     1     6   159
    7   948  2302     1     7   160
    8   876  2346     1     8   161
    9   880  2250     1     9   162
   10   888  2138     1    10   163
   11   864  1810     1    11   164
   12   800  1394     1    12   165
   13   788  1234     1    13   166
   14   792   986     1    14   167
   15   812   666     1    15   168
   16   984   698     1    16   169
   17   996   874     1    17   170
   18  1024  1238     1    18   171
