point     x     y slice color    ID
    0  1080   614     1     0    96
    1  1176   790     1     1    97
    2  1224   942     1     2    98
    3  1324  1338     1     3    99
    4  1324  1566     1     4   100
    5  1280  1886     1     5   101
    6  1116  2322     1     6   102
    7  1076  2422     1     7   103
    8   992  2498     1     8   104
    9   992  2402     1     9   105
   10   992  2302     1    10   106
   11   900  1946     1    11   107
   12   884  1486     1    12   108
   13   876  1346     1    13   109
   14   900  1022     1    14   110
   15   956   738     1    15   111
   16  1108   806     1    16   112
   17  1112   970     1    17   113
   18  1100  1334     1    18   114
