point     x     y slice color    ID
    0  1056   682     1     0   267
    1  1136   854     1     1   268
    2  1180  1010     1     2   269
    3  1260  1394     1     3   270
    4  1236  1618     1     4   271
    5  1208  1930     1     5   272
    6  1176  2350     1     6   273
    7  1212  2498     1     7   274
    8  1220  2586     1     8   275
    9  1132  2550     1     9   276
   10  1028  2374     1    10   277
   11   852  2038     1    11   278
   12   824  1550     1    12   279
   13   824  1394     1    13   280
   14   868  1090     1    14   281
   15   920   814     1    15   282
   16  1080   866     1    16   283
   17  1084  1034     1    17   284
   18  1068  1398     1    18   285
