point     x     y slice color    ID
    0   952   542     1     0   172
    1  1076   698     1     1   173
    2  1156   830     1     2   174
    3  1284  1258     1     3   175
    4  1304  1482     1     4   176
    5  1296  1786     1     5   177
    6  1132  2342     1     6   178
    7  1084  2474     1     7   179
    8  1024  2550     1     8   180
    9   996  2462     1     9   181
   10  1004  2326     1    10   182
   11   908  1962     1    11   183
   12   848  1470     1    12   184
   13   832  1286     1    13   185
   14   828  1082     1    14   186
   15   836   690     1    15   187
   16  1024   706     1    16   188
   17  1032   894     1    17   189
   18  1052  1262     1    18   190
