point     x     y slice color    ID
    0  1064   490     1     0   248
    1  1164   674     1     1   249
    2  1220   822     1     2   250
    3  1284  1230     1     3   251
    4  1272  1446     1     4   252
    5  1248  1726     1     5   253
    6  1164  2226     1     6   254
    7  1180  2358     1     7   255
    8  1148  2430     1     8   256
    9  1104  2370     1     9   257
   10  1044  2238     1    10   258
   11   880  1870     1    11   259
   12   840  1406     1    12   260
   13   840  1242     1    13   261
   14   872   918     1    14   262
   15   920   634     1    15   263
   16  1104   682     1    16   264
   17  1104   870     1    17   265
   18  1076  1254     1    18   266
