point     x     y slice color    ID
    0   980   558     1     0    58
    1  1096   726     1     1    59
    2  1168   890     1     2    60
    3  1276  1298     1     3    61
    4  1304  1570     1     4    62
    5  1268  1898     1     5    63
    6  1032  2374     1     6    64
    7   948  2522     1     7    65
    8   864  2582     1     8    66
    9   868  2474     1     9    67
   10   900  2362     1    10    68
   11   868  1974     1    11    69
   12   836  1498     1    12    70
   13   824  1326     1    13    71
   14   836  1046     1    14    72
   15   856   726     1    15    73
   16  1048   746     1    16    74
   17  1068   926     1    17    75
   18  1076  1338     1    18    76
