point     x     y slice color    ID
    0   920   534     1     0    77
    1  1024   686     1     1    78
    2  1084   822     1     2    79
    3  1176  1218     1     3    80
    4  1160  1442     1     4    81
    5  1148  1790     1     5    82
    6  1052  2210     1     6    83
    7  1012  2354     1     7    84
    8   964  2422     1     8    85
    9   912  2370     1     9    86
   10   940  2238     1    10    87
   11   808  1878     1    11    88
   12   760  1410     1    12    89
   13   760  1230     1    13    90
   14   776   974     1    14    91
   15   808   670     1    15    92
   16   964   706     1    16    93
   17   968   862     1    17    94
   18   968  1226     1    18    95
