point     x     y slice color    ID
    0  1153  1302     1     0   229
    1  1312  1197     1     1   230
    2  1489  1101     1     2   231
    3  1876   987     1     3   232
    4  2107   984     1     4   233
    5  2398   990     1     5   234
    6  2875  1113     1     6   235
    7  3040  1143     1     7   236
    8  3133  1185     1     8   237
    9  3037  1221     1     9   238
   10  2893  1248     1    10   239
   11  2566  1377     1    11   240
   12  2047  1464     1    12   241
   13  1849  1464     1    13   242
   14  1588  1446     1    14   243
   15  1279  1434     1    15   244
   16  1318  1248     1    16   245
   17  1492  1245     1    17   246
   18  1858  1221     1    18   247
