point     x     y slice color    ID
    0   997  1327     1     0    86
    1  1129  1255     1     1    87
    2  1300  1186     1     2    88
    3  1732  1069     1     3    89
    4  1963  1066     1     4    90
    5  2326  1078     1     5    91
    6  2812  1180     1     6    92
    7  2974  1231     1     7    93
    8  3046  1282     1     8    94
    9  2965  1318     1     9    95
   10  2788  1339     1    10    96
   11  2485  1435     1    11    97
   12  1936  1552     1    12    98
   13  1747  1561     1    18   104
   14  1432  1546     1    19   105
   15  1090  1492     1    20   106
   16  1138  1324     1    21   107
   17  1321  1315     1    22   108
   18  1744  1321     1    23   109
