point     x     y slice color    ID
    0   783  1313     1     0     1
    1   963  1202     1     1     2
    2  1161  1136     1     2     3
    3  1599  1064     1     3     4
    4  1902  1061     1     4     5
    5  2289  1085     1     5     6
    6  2769  1202     1     6     7
    7  3084  1259     1     7     8
    8  3138  1304     1     8     9
    9  3069  1361     1     9    10
   10  2898  1385     1    10    11
   11  2535  1529     1    11    12
   12  1809  1637     1    12    13
   13  1593  1613     1    13    14
   14  1254  1541     1    14    15
   15   918  1460     1    15    16
   16   969  1295     1    16    17
   17  1155  1313     1    17    18
   18  1608  1334     1    18    19
