point     x     y slice color    ID
    0  1042  1254     1     0   210
    1  1276  1122     1     1   211
    2  1468  1062     1     2   212
    3  1870   969     1     3   213
    4  2092   975     1     4   214
    5  2434   990     1     5   215
    6  2998  1110     1     6   216
    7  3175  1113     1     7   217
    8  3256  1146     1     8   218
    9  3187  1200     1     9   219
   10  3019  1242     1    10   220
   11  2608  1416     1    11   221
   12  2080  1479     1    12   222
   13  1831  1473     1    13   223
   14  1525  1446     1    14   224
   15  1186  1398     1    15   225
   16  1267  1212     1    16   226
   17  1468  1212     1    17   227
   18  1876  1221     1    18   228
