point     x     y slice color    ID
    0   988  1477     1     0    48
    1  1144  1366     1     1    49
    2  1318  1279     1     2    50
    3  1759  1162     1     3    51
    4  2038  1147     1     4    52
    5  2455  1171     1     5    53
    6  3052  1264     1     6    54
    7  3187  1237     1     7    55
    8  3268  1267     1     8    56
    9  3202  1336     1     9    57
   10  3067  1393     1    10    58
   11  2686  1573     1    11    59
   12  1972  1717     1    12    60
   13  1762  1702     1    13    61
   14  1420  1654     1    14    62
   15  1114  1612     1    15    63
   16  1153  1438     1    16    64
   17  1339  1417     1    17    65
   18  1765  1420     1    18    66
