point     x     y slice color    ID
    0  1012  1267     1     0    67
    1  1204  1168     1     1    68
    2  1405  1117     1     2    69
    3  1798  1039     1     3    70
    4  2041  1039     1     4    71
    5  2365  1060     1     5    72
    6  2842  1129     1     6    73
    7  3046  1111     1     7    74
    8  3115  1156     1     8    75
    9  3064  1213     1     9    76
   10  2890  1258     1    10    77
   11  2539  1453     1    11    78
   12  1987  1522     1    12    79
   13  1783  1528     1    13    80
   14  1468  1483     1    14    81
   15  1153  1429     1    15    82
   16  1219  1237     1    16    83
   17  1408  1249     1    17    84
   18  1834  1279     1    18    85
