point     x     y slice color    ID
    0  1087  1316     1     0    77
    1  1291  1214     1     1    78
    2  1465  1142     1     2    79
    3  1930  1019     1     3    80
    4  2212  1007     1     4    81
    5  2647  1034     1     5    82
    6  3178  1220     1     6    83
    7  3364  1214     1     7    84
    8  3433  1268     1     8    85
    9  3391  1337     1     9    86
   10  3172  1367     1    10    87
   11  2866  1499     1    11    88
   12  2152  1607     1    12    89
   13  1906  1598     1    13    90
   14  1555  1532     1    14    91
   15  1234  1475     1    15    92
   16  1291  1289     1    16    93
   17  1486  1295     1    17    94
   18  1969  1319     1    18    95
