point     x     y slice color    ID
    0  1123  1356     1     0   267
    1  1336  1230     1     1   268
    2  1513  1149     1     2   269
    3  1906  1047     1     3   270
    4  2185  1047     1     4   271
    5  2560  1065     1     5   272
    6  3013  1233     1     6   273
    7  3181  1257     1     7   274
    8  3256  1302     1     8   275
    9  3172  1350     1     9   276
   10  3022  1371     1    10   277
   11  2623  1464     1    11   278
   12  2125  1533     1    12   279
   13  1891  1554     1    13   280
   14  1591  1521     1    14   281
   15  1285  1494     1    15   282
   16  1333  1305     1    16   283
   17  1516  1293     1    17   284
   18  1945  1290     1    18   285
