point     x     y slice color    ID
    0   931  1608     1     0   362
    1  1111  1515     1     1   363
    2  1294  1446     1     2   364
    3  1741  1314     1     3   365
    4  2005  1308     1     4   366
    5  2452  1314     1     5   367
    6  2980  1413     1     6   368
    7  3196  1413     1     7   369
    8  3292  1449     1     8   370
    9  3205  1515     1     9   371
   10  3052  1548     1    10   372
   11  2695  1770     1    11   373
   12  1942  1908     1    12   374
   13  1717  1881     1    13   375
   14  1399  1818     1    14   376
   15  1063  1755     1    15   377
   16  1111  1590     1    16   378
   17  1303  1593     1    17   379
   18  1747  1605     1    18   380
