point     x     y slice color    ID
    0  1343  1458     1     0   571
    1  1465  1368     1     1   572
    2  1617  1296     1     2   573
    3  1953  1182     1     3   574
    4  2145  1160     1     4   575
    5  2465  1162     1     5   576
    6  2901  1272     1     6   577
    7  3035  1282     1     7   578
    8  3103  1312     1     8   579
    9  3045  1356     1     9   580
   10  2899  1382     1    10   581
   11  2627  1496     1    11   582
   12  2121  1596     1    12   583
   13  1939  1590     1    13   584
   14  1673  1574     1    14   585
   15  1459  1564     1    15   586
   16  1471  1418     1    16   587
   17  1611  1404     1    17   588
   18  1927  1384     1    18   589
