point     x     y slice color    ID
    0   813  1602     1     0   476
    1   999  1452     1     1   477
    2  1191  1368     1     2   478
    3  1575  1274     1     3   479
    4  1833  1272     1     4   480
    5  2251  1300     1     5   481
    6  2755  1520     1     6   482
    7  2901  1564     1     7   483
    8  3003  1612     1     8   484
    9  2913  1650     1     9   485
   10  2775  1640     1    10   486
   11  2423  1716     1    11   487
   12  1785  1788     1    12   488
   13  1577  1786     1    13   489
   14  1271  1750     1    14   490
   15   947  1730     1    15   491
   16   999  1556     1    16   492
   17  1193  1540     1    17   493
   18  1569  1560     1    18   494
