point     x     y slice color    ID
    0   976  1260     1     0     1
    1  1132  1196     1     1     2
    2  1260  1148     1     2     3
    3  1704  1052     1     3     4
    4  1984  1050     1     4     5
    5  2353  1092     1     5     6
    6  2890  1272     1     6     7
    7  3022  1299     1     7     8
    8  3100  1350     1     8     9
    9  3001  1386     1     9    10
   10  2881  1398     1    10    11
   11  2518  1512     1    11    12
   12  1885  1572     1    12    13
   13  1684  1542     1    13    14
   14  1306  1473     1    14    15
   15  1069  1428     1    15    16
   16  1126  1263     1    16    17
   17  1285  1269     1    17    18
   18  1693  1281     1    18    19
