point     x     y slice color    ID
    0  1021  1419     1     0    58
    1  1195  1332     1     1    59
    2  1378  1251     1     2    60
    3  1810  1128     1     3    61
    4  2080  1119     1     4    62
    5  2443  1128     1     5    63
    6  2965  1254     1     6    64
    7  3136  1275     1     7    65
    8  3175  1329     1     8    66
    9  3148  1389     1     9    67
   10  2977  1413     1    10    68
   11  2593  1557     1    11    69
   12  2062  1668     1    12    70
   13  1813  1677     1    13    71
   14  1471  1656     1    14    72
   15  1162  1608     1    15    73
   16  1201  1413     1    16    74
   17  1393  1407     1    17    75
   18  1849  1398     1    18    76
