point     x     y slice color    ID
    0  1072  1371     1     0   114
    1  1294  1254     1     1   115
    2  1483  1194     1     2   116
    3  1903  1098     1     3   117
    4  2176  1095     1     4   118
    5  2566  1119     1     5   119
    6  3079  1287     1     6   120
    7  3190  1317     1     7   121
    8  3244  1374     1     8   122
    9  3163  1419     1     9   123
   10  3097  1425     1    10   124
   11  2704  1563     1    11   125
   12  2110  1635     1    12   126
   13  1876  1626     1    13   127
   14  1555  1584     1    14   128
   15  1234  1548     1    15   129
   16  1288  1338     1    16   130
   17  1486  1332     1    17   131
   18  1930  1347     1    18   132
