point     x     y slice color    ID
    0  1060  1383     1     0   324
    1  1279  1239     1     1   325
    2  1474  1152     1     2   326
    3  1882  1044     1     3   327
    4  2155  1038     1     4   328
    5  2545  1047     1     5   329
    6  3070  1197     1     6   330
    7  3253  1215     1     7   331
    8  3313  1260     1     8   332
    9  3226  1314     1     9   333
   10  3070  1338     1    10   334
   11  2686  1500     1    11   335
   12  2098  1566     1    12   336
   13  1864  1569     1    13   337
   14  1435  1536     1    14   338
   15  1234  1521     1    15   339
   16  1282  1323     1    16   340
   17  1477  1305     1    17   341
   18  1900  1320     1    18   342
