point     x     y slice color    ID
    0   940  1365     1     0   343
    1  1144  1245     1     1   344
    2  1324  1170     1     2   345
    3  1753  1068     1     3   346
    4  2002  1080     1     4   347
    5  2326  1116     1     5   348
    6  2827  1215     1     6   349
    7  3001  1215     1     7   350
    8  3085  1239     1     8   351
    9  3004  1305     1     9   352
   10  2887  1344     1    10   353
   11  2470  1497     1    11   354
   12  1924  1569     1    12   355
   13  1714  1563     1    13   356
   14  1426  1548     1    14   357
   15  1096  1509     1    15   358
   16  1141  1329     1    16   359
   17  1348  1323     1    17   360
   18  1765  1305     1    18   361
