point     x     y slice color    ID
    0  1129  1428     1     0   133
    1  1318  1314     1     1   134
    2  1519  1233     1     2   135
    3  1924  1101     1     3   136
    4  2191  1095     1     4   137
    5  2548  1131     1     5   138
    6  3097  1269     1     6   139
    7  3292  1326     1     7   140
    8  3361  1392     1     8   141
    9  3268  1413     1     9   142
   10  3130  1416     1    10   143
   11  2719  1545     1    11   144
   12  2149  1626     1    12   145
   13  1906  1641     1    13   146
   14  1591  1611     1    14   147
   15  1279  1578     1    15   148
   16  1324  1392     1    16   149
   17  1519  1374     1    17   150
   18  1960  1353     1    18   151
