point     x     y slice color    ID
    0   994  1314     1     0    77
    1  1168  1221     1     1    78
    2  1345  1161     1     2    79
    3  1834  1053     1     3    80
    4  2134  1050     1     4    81
    5  2560  1074     1     5    82
    6  3136  1197     1     6    83
    7  3247  1212     1     7    84
    8  3319  1263     1     8    85
    9  3229  1305     1     9    86
   10  3115  1332     1    10    87
   11  2692  1506     1    11    88
   12  2035  1581     1    12    89
   13  1798  1587     1    13    90
   14  1450  1542     1    14    91
   15  1108  1470     1    15    92
   16  1174  1296     1    16    93
   17  1351  1290     1    17    94
   18  1807  1296     1    18    95
