point     x     y slice color    ID
    0   995  1458     1     0   514
    1  1149  1378     1     1   515
    2  1309  1330     1     2   516
    3  1743  1246     1     3   517
    4  1979  1242     1     4   518
    5  2337  1234     1     5   519
    6  2831  1346     1     6   520
    7  3011  1374     1     7   521
    8  3095  1420     1     8   522
    9  2999  1462     1     9   523
   10  2863  1478     1    10   524
   11  2541  1610     1    11   525
   12  1921  1736     1    12   526
   13  1723  1736     1    13   527
   14  1403  1680     1    14   528
   15  1103  1600     1    15   529
   16  1145  1462     1    16   530
   17  1307  1464     1    17   531
   18  1735  1506     1    18   532
