point     x     y slice color    ID
    0  1074  1198     1     0     1
    1  1234  1114     1     1     2
    2  1434  1042     1     2     3
    3  1854   930     1     3     4
    4  2142   918     1     4     5
    5  2522   934     1     5     6
    6  3110  1138     1     6     7
    7  3266  1186     1     7     8
    8  3358  1242     1     8     9
    9  3246  1294     1     9    10
   10  3098  1298     1    10    11
   11  2770  1450     1    11    12
   12  2058  1542     1    12    13
   13  1866  1526     1    14    15
   14  1486  1438     1    15    16
   15  1158  1382     1    16    17
   16  1258  1170     1    17    18
   17  1450  1186     1    18    19
   18  1870  1218     1    19    20
