point     x     y slice color    ID
    0  1049  1584     1     0   533
    1  1239  1464     1     1   534
    2  1409  1414     1     2   535
    3  1813  1350     1     3   536
    4  2101  1334     1     4   537
    5  2531  1348     1     5   538
    6  3079  1408     1     6   539
    7  3179  1380     1     7   540
    8  3271  1404     1     8   541
    9  3217  1466     1     9   542
   10  3079  1528     1    10   543
   11  2767  1738     1    11   544
   12  2043  1896     1    12   545
   13  1787  1864     1    13   546
   14  1469  1798     1    14   547
   15  1143  1732     1    15   548
   16  1229  1572     1    16   549
   17  1413  1564     1    17   550
   18  1843  1602     1    18   551
