point     x     y slice color    ID
    0   796  1417     1     0    29
    1   997  1324     1     1    30
    2  1186  1267     1     2    31
    3  1633  1156     1     3    32
    4  1900  1162     1     4    33
    5  2299  1189     1     5    34
    6  2860  1291     1     6    35
    7  2992  1291     1     7    36
    8  3082  1321     1     8    37
    9  3007  1390     1     9    38
   10  2857  1453     1    10    39
   11  2431  1624     1    11    40
   12  1837  1711     1    12    41
   13  1618  1711     1    13    42
   14  1294  1669     1    14    43
   15   949  1591     1    15    44
   16   988  1402     1    16    45
   17  1192  1393     1    17    46
   18  1657  1441     1    18    47
