point     x     y slice color    ID
    0  1087  1329     1     0     1
    1  1232  1263     1     1     2
    2  1421  1214     1     2     3
    3  1791  1140     1     3     4
    4  2033  1118     1     4     5
    5  2434  1157     1     5     6
    6  2905  1302     1     6     7
    7  3050  1333     1     7     8
    8  3129  1368     1     8     9
    9  3050  1417     1     9    10
   10  2927  1439     1    10    11
   11  2636  1575     1    11    12
   12  1976  1659     1    12    13
   13  1769  1637     1    17    18
   14  1457  1562     1    18    19
   15  1188  1492     1    19    20
   16  1232  1333     1    20    21
   17  1412  1329     1    21    22
   18  1782  1360     1    22    23
