point     x     y slice color    ID
    0   817  1518     1     0   419
    1  1045  1366     1     1   420
    2  1251  1280     1     2   421
    3  1743  1152     1     3   422
    4  2025  1140     1     4   423
    5  2485  1148     1     5   424
    6  3105  1300     1     6   425
    7  3309  1294     1     7   426
    8  3397  1316     1     8   427
    9  3319  1406     1     9   428
   10  3097  1482     1    10   429
   11  2751  1650     1    11   430
   12  2047  1758     1    12   431
   13  1711  1766     1    13   432
   14  1327  1714     1    14   433
   15   981  1684     1    15   434
   16  1039  1444     1    16   435
   17  1261  1436     1    17   436
   18  1755  1424     1    18   437
