point     x     y slice color    ID
    0  1015  1269     1     0   191
    1  1249  1170     1     1   192
    2  1456  1098     1     2   193
    3  1858  1041     1     3   194
    4  2128  1047     1     4   195
    5  2494  1077     1     5   196
    6  3034  1155     1     6   197
    7  3217  1137     1     7   198
    8  3286  1185     1     8   199
    9  3214  1251     1     9   200
   10  3076  1287     1    10   201
   11  2656  1485     1    11   202
   12  2071  1584     1    12   203
   13  1852  1587     1    13   204
   14  1477  1509     1    14   205
   15  1156  1437     1    15   206
   16  1252  1245     1    16   207
   17  1450  1245     1    17   208
   18  1888  1296     1    18   209
