point     x     y slice color    ID
    0  1036  1350     1     0    39
    1  1225  1227     1     1    40
    2  1411  1155     1     2    41
    3  1888  1032     1     3    42
    4  2209  1029     1     4    43
    5  2689  1086     1     5    44
    6  3271  1242     1     6    45
    7  3424  1254     1     7    46
    8  3517  1290     1     8    47
    9  3445  1347     1     9    48
   10  3304  1386     1    10    49
   11  2860  1593     1    11    50
   12  2155  1629     1    12    51
   13  1837  1638     1    13    52
   14  1489  1557     1    14    53
   15  1162  1500     1    15    54
   16  1225  1299     1    16    55
   17  1414  1290     1    17    56
   18  1897  1305     1    18    57
