point     x     y slice color    ID
    0   988  1368     1     0     1
    1  1164  1260     1     1     2
    2  1352  1188     1     2     3
    3  1812  1072     1     3     4
    4  2136  1036     1     4     5
    5  2600  1036     1     5     6
    6  3188  1140     1     6     7
    7  3352  1128     1     7     8
    8  3420  1172     1     8     9
    9  3380  1244     1     9    10
   10  3224  1288     1    10    11
   11  2856  1484     1    11    12
   12  2116  1656     1    12    13
   13  1820  1644     1    13    14
   14  1432  1568     1    14    15
   15  1124  1516     1    15    16
   16  1172  1336     1    16    17
   17  1356  1332     1    17    18
   18  1828  1364     1    18    19
