point     x     y slice color    ID
    0  1049  1422     1     0   438
    1  1277  1332     1     1   439
    2  1457  1274     1     2   440
    3  1831  1222     1     3   441
    4  2045  1246     1     4   442
    5  2367  1292     1     5   443
    6  2853  1364     1     6   444
    7  2987  1360     1     7   445
    8  3091  1368     1     8   446
    9  3013  1440     1     9   447
   10  2873  1490     1    10   448
   11  2535  1676     1    11   449
   12  1983  1740     1    12   450
   13  1785  1710     1    13   451
   14  1497  1642     1    14   452
   15  1187  1576     1    15   453
   16  1263  1418     1    16   454
   17  1455  1420     1    17   455
   18  1859  1474     1    18   456
