point     x     y slice color    ID
    0  1057  1397     1     0    20
    1  1255  1274     1     1    21
    2  1447  1190     1     2    22
    3  1915  1079     1     3    23
    4  2212  1070     1     4    24
    5  2608  1115     1     5    25
    6  3268  1256     1     6    26
    7  3427  1268     1     7    27
    8  3532  1307     1     8    28
    9  3430  1370     1     9    29
   10  3304  1373     1    10    30
   11  2851  1550     1    11    31
   12  2101  1652     1    12    32
   13  1870  1625     1    13    33
   14  1537  1592     1    14    34
   15  1189  1538     1    15    35
   16  1258  1340     1    16    36
   17  1459  1334     1    17    37
   18  1891  1367     1    18    38
