point     x     y slice color    ID
    0   871  1434     1     0   172
    1  1075  1326     1     1   173
    2  1258  1251     1     2   174
    3  1696  1140     1     3   175
    4  1978  1155     1     4   176
    5  2374  1197     1     5   177
    6  2890  1386     1     6   178
    7  3046  1455     1     7   179
    8  3124  1527     1     8   180
    9  3019  1551     1     9   181
   10  2908  1536     1    10   182
   11  2503  1632     1    11   183
   12  1927  1674     1    12   184
   13  1675  1674     1    13   185
   14  1369  1650     1    14   186
   15  1015  1590     1    15   187
   16  1072  1401     1    16   188
   17  1264  1401     1    17   189
   18  1711  1407     1    18   190
