point     x     y slice color    ID
    0   937  1496     1     0   457
    1  1125  1354     1     1   458
    2  1297  1274     1     2   459
    3  1619  1174     1     3   460
    4  1847  1174     1     4   461
    5  2169  1190     1     5   462
    6  2621  1354     1     6   463
    7  2781  1418     1     7   464
    8  2829  1494     1     8   465
    9  2781  1510     1     9   466
   10  2657  1484     1    10   467
   11  2319  1576     1    11   468
   12  1853  1648     1    12   469
   13  1605  1646     1    13   470
   14  1395  1634     1    14   471
   15  1087  1608     1    15   472
   16  1119  1422     1    16   473
   17  1301  1408     1    17   474
   18  1629  1358     1    18   475
