point     x     y slice color    ID
    0  1210  1313     1     0    39
    1  1390  1211     1     1    40
    2  1600  1121     1     2    41
    3  1963  1049     1     3    42
    4  2221  1064     1     4    43
    5  2572  1091     1     5    44
    6  3016  1199     1     6    45
    7  3208  1214     1     7    46
    8  3289  1241     1     8    47
    9  3223  1298     1     9    48
   10  3031  1337     1    10    49
   11  2704  1475     1    11    50
   12  2170  1535     1    12    51
   13  1963  1529     1    13    52
   14  1660  1493     1    14    53
   15  1357  1460     1    15    54
   16  1402  1271     1    16    55
   17  1594  1244     1    17    56
   18  2020  1247     1    18    57
