point     x     y slice color    ID
    0  1105  1380     1     1   153
    1  1294  1293     1     2   154
    2  1483  1203     1     3   155
    3  1906  1128     1     4   156
    4  2131  1143     1     5   157
    5  2545  1176     1     6   158
    6  3049  1314     1     7   159
    7  3205  1338     1     8   160
    8  3283  1392     1     9   161
    9  3187  1416     1    10   162
   10  3055  1446     1    11   163
   11  2677  1578     1    12   164
   12  2086  1653     1    13   165
   13  1882  1641     1    14   166
   14  1579  1575     1    15   167
   15  1246  1536     1    16   168
   16  1306  1350     1    17   169
   17  1486  1335     1    18   170
   18  1906  1380     1    19   171
