point     x     y slice color    ID
    0   988  1347     1     0   248
    1  1198  1233     1     1   249
    2  1369  1167     1     2   250
    3  1780  1074     1     3   251
    4  2023  1074     1     4   252
    5  2356  1119     1     5   253
    6  2839  1242     1     6   254
    7  2974  1254     1     7   255
    8  3058  1287     1     8   256
    9  2983  1341     1     9   257
   10  2866  1377     1    10   258
   11  2515  1506     1    11   259
   12  1966  1602     1    12   260
   13  1750  1581     1    13   261
   14  1450  1530     1    14   262
   15  1147  1494     1    15   263
   16  1189  1320     1    16   264
   17  1369  1317     1    17   265
   18  1777  1323     1    18   266
