point     x     y slice color    ID
    0  2812   881     1     0   153
    1  2660   987     1     1   154
    2  2505  1059     1     2   155
    3  2126  1185     1     3   156
    4  1898  1208     1     4   157
    5  1528  1234     1     5   158
    6  1013  1145     1     6   159
    7   818  1138     1     7   160
    8   769  1102     1     8   161
    9   831  1063     1     9   162
   10   977  1043     1    10   163
   11  1297   861     1    11   164
   12  1894   713     1    12   165
   13  2079   706     1    13   166
   14  2380   765     1    14   167
   15  2684   779     1    15   168
   16  2644   934     1    16   169
   17  2499   954     1    17   170
   18  2116   993     1    18   171
