point     x     y slice color    ID
    0  2621   970     1     0    96
    1  2456  1066     1     1    97
    2  2307  1122     1     2    98
    3  1918  1214     1     3    99
    4  1660  1218     1     4   100
    5  1350  1238     1     5   101
    6   881  1145     1     6   102
    7   713  1115     1     7   103
    8   653  1079     1     8   104
    9   726  1036     1     9   105
   10   838  1020     1    10   106
   11  1205   874     1    11   107
   12  1710   775     1    12   108
   13  1885   775     1    13   109
   14  2178   795     1    14   110
   15  2502   845     1    15   111
   16  2459  1000     1    16   112
   17  2287  1006     1    17   113
   18  1894  1000     1    18   114
