point     x     y slice color    ID
    0  2859   993     1     0   172
    1  2664  1089     1     1   173
    2  2489  1145     1     2   174
    3  2102  1234     1     3   175
    4  1865  1251     1     4   176
    5  1505  1224     1     5   177
    6  1053  1109     1     6   178
    7   937  1109     1     7   179
    8   838  1096     1     8   180
    9   907  1036     1     9   181
   10  1030   993     1    10   182
   11  1376   848     1    11   183
   12  1987   775     1    12   184
   13  2452   818     1    13   185
   14  2730   861     1    14   186
   15  2654  1013     1    15   187
   16  2482  1010     1    16   188
   17  2109  1010     1    17   189
