point     x     y slice color    ID
    0  2647   990     1     0    77
    1  2512  1072     1     1    78
    2  2350  1132     1     2    79
    3  1967  1247     1     3    80
    4  1746  1257     1     4    81
    5  1393  1261     1     5    82
    6   924  1201     1     6    83
    7   759  1221     1     7    84
    8   656  1201     1     8    85
    9   726  1148     1     9    86
   10   868  1076     1    10    87
   11  1175   894     1    11    88
   12  1792   772     1    12    89
   13  1951   782     1    13    90
   14  2281   845     1    14    91
   15  2532   864     1    15    92
   16  2502  1003     1    16    93
   17  2343  1033     1    17    94
   18  1990  1030     1    18    95
