point     x     y slice color    ID
    0  2667  1065     1     0     1
    1  2481  1143     1     1     2
    2  2313  1173     1     2     3
    3  1926  1218     1     3     4
    4  1662  1203     1     4     5
    5  1269  1152     1     5     6
    6   747  1089     1     6     7
    7   606  1119     1     7     8
    8   516  1107     1     8     9
    9   555  1047     1     9    10
   10   720   978     1    10    11
   11  1068   789     1    11    12
   12  1770   720     1    12    13
   13  1923   738     1    13    14
   14  2286   828     1    14    15
   15  2565   921     1    15    16
   16  2481  1071     1    16    17
   17  2301  1068     1    17    18
   18  1908  1008     1    18    19
