point     x     y slice color    ID
    0  2816  1072     1     0    39
    1  2627  1158     1     1    40
    2  2479  1208     1     2    41
    3  2093  1284     1     3    42
    4  1832  1277     1     4    43
    5  1479  1261     1     5    44
    6   960  1175     1     6    45
    7   868  1205     1     7    46
    8   779  1218     1     8    47
    9   822  1125     1     9    48
   10   944  1066     1    10    49
   11  1267   874     1    11    50
   12  1861   805     1    12    51
   13  2076   822     1    13    52
   14  2413   888     1    14    53
   15  2713   930     1    15    54
   16  2641  1082     1    16    55
   17  2469  1092     1    17    56
   18  2106  1072     1    18    57
