point     x     y slice color    ID
    0  2835  1135     1     0    58
    1  2601  1231     1     1    59
    2  2439  1274     1     2    60
    3  2043  1317     1     3    61
    4  1786  1310     1     4    62
    5  1403  1287     1     5    63
    6   874  1152     1     6    64
    7   706  1155     1     7    65
    8   607  1132     1     8    66
    9   670  1063     1     9    67
   10   815  1020     1    10    68
   11  1284   851     1    11    69
   12  1865   808     1    12    70
   13  2020   815     1    13    71
   14  2393   901     1    14    72
   15  2707   973     1    15    73
   16  2618  1145     1    16    74
   17  2443  1171     1    17    75
   18  2027  1096     1    18    76
