point     x     y slice color    ID
    0  2565   967     1     0    20
    1  2413  1066     1     1    21
    2  2281  1115     1     2    22
    3  1898  1195     1     3    23
    4  1680  1201     1     4    24
    5  1370  1205     1     5    25
    6   874  1168     1     6    26
    7   736  1155     1     7    27
    8   663  1122     1     8    28
    9   723  1076     1     9    29
   10   851  1053     1    10    30
   11  1188   894     1    11    31
   12  1706   805     1    12    32
   13  1875   805     1    13    33
   14  2162   818     1    14    34
   15  2426   861     1    15    35
   16  2406   987     1    16    36
   17  2264  1003     1    17    37
   18  1881   980     1    18    38
