point     x     y slice color    ID
    0  2806  1016     1     0   190
    1  2651  1109     1     1   191
    2  2479  1168     1     2   192
    3  2079  1251     1     3   193
    4  1852  1254     1     4   194
    5  1482  1238     1     5   195
    6   987  1056     1     6   196
    7   881  1023     1     7   197
    8   822  1000     1     8   198
    9   881   964     1     9   199
   10   997   954     1    10   200
   11  1373   874     1    11   201
   12  1901   825     1    12   202
   13  2050   825     1    13   203
   14  2386   855     1    14   204
   15  2697   894     1    15   205
   16  2637  1039     1    16   206
   17  2472  1063     1    17   207
   18  2106  1069     1    18   208
