point     x     y slice color    ID
    0  2829  1057     1     0    38
    1  2661  1150     1     1    39
    2  2505  1216     1     2    40
    3  2118  1300     1     3    41
    4  1869  1291     1     4    42
    5  1530  1279     1     5    43
    6  1053  1162     1     6    44
    7   921  1183     1     7    45
    8   819  1189     1     8    46
    9   879  1096     1     9    47
   10  1077  1036     1    10    48
   11  1434   892     1    11    49
   12  1938   832     1    12    50
   13  2112   841     1    13    51
   14  2373   880     1    14    52
   15  2703   925     1    15    53
   16  2655  1084     1    16    54
   17  2499  1096     1    17    55
   18  2124  1069     1    18    56
