point     x     y slice color    ID
    0  2825   914     1     0   114
    1  2627  1049     1     1   115
    2  2462  1105     1     2   116
    3  2083  1228     1     3   117
    4  1848  1241     1     4   118
    5  1488  1218     1     5   119
    6  1020  1072     1     6   120
    7   851  1030     1     7   121
    8   759   997     1     8   122
    9   838   947     1     9   123
   10   997   944     1    10   124
   11  1386   831     1    11   125
   12  1898   762     1    12   126
   13  2056   762     1    13   127
   14  2390   785     1    14   128
   15  2651   802     1    15   129
   16  2627   967     1    16   130
   17  2466   980     1    17   131
   18  2063   987     1    18   132
