point     x     y slice color    ID
    0  2868  1016     1     0   152
    1  2680  1102     1     1   153
    2  2495  1155     1     2   154
    3  2106  1205     1     3   155
    4  1875  1188     1     4   156
    5  1528  1168     1     5   157
    6  1003  1033     1     6   158
    7   868  1049     1     7   159
    8   775  1049     1     8   160
    9   841   977     1     9   161
   10  1010   911     1    10   162
   11  1446   789     1    11   163
   12  1937   759     1    12   164
   13  2116   762     1    13   165
   14  2443   805     1    14   166
   15  2733   858     1    15   167
   16  2677  1026     1    16   168
   17  2492  1036     1    17   169
   18  2102   990     1    18   170
