point     x     y slice color    ID
    0  2700   880     1     0     1
    1  2476  1040     1     1     2
    2  2316  1100     1     2     3
    3  1880  1220     1     3     4
    4  1236  1256     1     4     5
    5   652  1120     1     5     6
    6   500  1092     1     6     7
    7   440  1044     1     7     8
    8   492   996     1     8     9
    9   620   980     1     9    10
   10  1036   828     1    10    11
   11  1640   752     1    11    12
   12  1852   716     1    12    13
   13  2192   728     1    13    14
   14  2536   740     1    14    15
   15  2480   944     1    15    16
   16  2300   976     1    16    17
   17  1792   984     1    17    18
