point     x     y slice color    ID
    0  2594  1109     1     0   209
    1  2472  1188     1     1   210
    2  2320  1224     1     2   211
    3  1970  1297     1     3   212
    4  1756  1294     1     4   213
    5  1376  1284     1     5   214
    6   927  1138     1     6   215
    7   795  1109     1     7   216
    8   742  1096     1     8   217
    9   798  1043     1     9   218
   10   957  1049     1    10   219
   11  1310   973     1    11   220
   12  1799   874     1    12   221
   13  1908   874     1    13   222
   14  2277   950     1    14   223
   15  2512   997     1    15   224
   16  2469  1138     1    16   225
   17  2317  1145     1    17   226
   18  2000  1135     1    18   227
