point     x     y slice color    ID
    0  2822   964     1     0    76
    1  2670  1039     1     1    77
    2  2522  1089     1     2    78
    3  2165  1188     1     3    79
    4  1941  1205     1     4    80
    5  1594  1178     1     5    81
    6  1171  1053     1     6    82
    7   980  1089     1     7    83
    8   921  1102     1     8    84
    9   937  1026     1     9    85
   10  1129   947     1    10    86
   11  1403   822     1    11    87
   12  1994   746     1    12    88
   13  2175   756     1    13    89
   14  2410   789     1    14    90
   15  2720   848     1    15    91
   16  2677   983     1    16    92
   17  2509   990     1    17    93
   18  2149   954     1    18    94
