point     x     y slice color    ID
    0  2872   984     1     0    20
    1  2684  1072     1     1    21
    2  2516  1128     1     2    22
    3  2116  1224     1     3    23
    4  1868  1252     1     4    24
    5  1528  1236     1     5    25
    6  1052  1116     1     6    26
    7   844  1080     1     7    27
    8   788  1020     1     8    28
    9   852   984     1     9    29
   10  1028   972     1    10    30
   11  1376   836     1    11    31
   12  2040   756     1    12    32
   13  2152   768     1    13    33
   14  2428   796     1    14    34
   15  2728   844     1    15    35
   16  2684  1024     1    16    36
   17  2508  1032     1    17    37
   18  2104  1016     1    18    38
