point     x     y slice color    ID
    0  2786   861     1     0   133
    1  2614   937     1     1   134
    2  2472   977     1     2   135
    3  2122  1066     1     3   136
    4  1894  1072     1     4   137
    5  1554  1076     1     5   138
    6  1115  1023     1     6   139
    7   957  1072     1     7   140
    8   868  1072     1     8   141
    9   914  1013     1     9   142
   10  1079   914     1    10   143
   11  1452   736     1    11   144
   12  1964   647     1    12   145
   13  2145   656     1    13   146
   14  2380   686     1    14   147
   15  2670   736     1    15   148
   16  2618   864     1    16   149
   17  2472   881     1    17   150
   18  2109   848     1    18   151
