point     x     y slice color    ID
    0  2584   917     1     0    57
    1  2439   990     1     1    58
    2  2297  1033     1     2    59
    3  1928  1138     1     3    60
    4  1693  1148     1     4    61
    5  1313  1175     1     5    62
    6   861  1109     1     6    63
    7   686  1112     1     7    64
    8   600  1096     1     8    65
    9   670  1043     1     9    66
   10   802   990     1    10    67
   11  1105   835     1    11    68
   12  1733   689     1    12    69
   13  1928   699     1    13    70
   14  2215   752     1    14    71
   15  2499   795     1    15    72
   16  2436   930     1    16    73
   17  2281   924     1    17    74
   18  1914   914     1    18    75
