point     x     y slice color    ID
    0  2578   884     1     0   285
    1  2400   964     1     1   286
    2  2248  1023     1     2   287
    3  1904  1129     1     3   288
    4  1736  1122     1     4   289
    5  1376  1135     1     5   290
    6   930  1010     1     6   291
    7   802   997     1     7   292
    8   726   964     1     8   293
    9   775   911     1     9   294
   10   907   894     1    10   295
   11  1247   772     1    11   296
   12  1749   683     1    12   297
   13  1921   689     1    13   298
   14  2169   713     1    14   299
   15  2452   752     1    15   300
   16  2403   897     1    16   301
   17  2238   914     1    17   302
   18  1871   911     1    18   303
