point     x     y slice color    ID
    0  2723   878     1     0   209
    1  2578   967     1     1   210
    2  2452  1010     1     2   211
    3  2053  1105     1     3   212
    4  1795  1115     1     4   213
    5  1472  1119     1     5   214
    6   987  1036     1     6   215
    7   851  1053     1     7   216
    8   765  1026     1     8   217
    9   818   970     1     9   218
   10   964   927     1    10   219
   11  1247   762     1    11   220
   12  1828   689     1    12   221
   13  2010   693     1    13   222
   14  2334   713     1    14   223
   15  2604   769     1    15   224
   16  2571   894     1    16   225
   17  2429   904     1    17   226
   18  2040   881     1    18   227
