point     x     y slice color    ID
    0  2703   940     1     0   304
    1  2535  1043     1     1   305
    2  2393  1096     1     2   306
    3  2073  1211     1     3   307
    4  1871  1241     1     4   308
    5  1558  1254     1     5   309
    6  1148  1162     1     6   310
    7   990  1145     1     7   311
    8   917  1122     1     8   312
    9   970  1066     1     9   313
   10  1142  1043     1    10   314
   11  1426   917     1    11   315
   12  1878   828     1    12   316
   13  2066   808     1    13   317
   14  2261   812     1    14   318
   15  2568   831     1    15   319
   16  2538   973     1    16   320
   17  2386   987     1    17   321
   18  2023  1003     1    18   322
