point     x     y slice color    ID
    0  2677   779     1     0   247
    1  2485   897     1     1   248
    2  2343   934     1     2   249
    3  1997  1023     1     3   250
    4  1802  1059     1     4   251
    5  1482  1066     1     5   252
    6  1049  1013     1     6   253
    7   904  1013     1     7   254
    8   835   977     1     8   255
    9   904   937     1     9   256
   10  1010   911     1    10   257
   11  1373   749     1    11   258
   12  1819   647     1    12   259
   13  1990   627     1    13   260
   14  2159   627     1    14   261
   15  2535   663     1    15   262
   16  2499   805     1    16   263
   17  2337   815     1    17   264
   18  2003   792     1    18   265
