point     x     y slice color    ID
    0  2627   957     1     0   190
    1  2456  1030     1     1   191
    2  2301  1063     1     2   192
    3  1987  1142     1     3   193
    4  1772  1155     1     4   194
    5  1485  1155     1     5   195
    6  1092  1092     1     6   196
    7   947  1105     1     7   197
    8   864  1089     1     8   198
    9   930  1033     1     9   199
   10  1053   983     1    10   200
   11  1360   835     1    11   201
   12  1812   762     1    12   202
   13  1944   756     1    13   203
   14  2215   782     1    14   204
   15  2522   822     1    15   205
   16  2449   964     1    16   206
   17  2291   977     1    17   207
   18  1961   954     1    18   208
