point     x     y slice color    ID
    0  2825   914     1     0   323
    1  2581  1036     1     1   324
    2  2410  1092     1     2   325
    3  1964  1238     1     3   326
    4  1706  1241     1     4   327
    5  1271  1247     1     5   328
    6   706  1145     1     6   329
    7   528  1125     1     7   330
    8   448  1082     1     8   331
    9   515  1020     1     9   332
   10   703   993     1    10   333
   11  1145   825     1    11   334
   12  1753   709     1    12   335
   13  1967   686     1    13   336
   14  2277   709     1    14   337
   15  2634   739     1    15   338
   16  2571   937     1    16   339
   17  2390   950     1    17   340
   18  1918   967     1    18   341
