point     x     y slice color    ID
    0  2697   798     1     0   266
    1  2502   957     1     1   267
    2  2337  1033     1     2   268
    3  1990  1155     1     3   269
    4  1762  1171     1     4   270
    5  1389  1208     1     5   271
    6   881  1132     1     6   272
    7   680  1129     1     7   273
    8   594  1089     1     8   274
    9   656  1023     1     9   275
   10   841   983     1    10   276
   11  1214   815     1    11   277
   12  1726   680     1    12   278
   13  1921   660     1    13   279
   14  2211   666     1    14   280
   15  2548   673     1    15   281
   16  2509   855     1    16   282
   17  2324   927     1    17   283
   18  1918   947     1    18   284
