point     x     y slice color    ID
    0  2680  1049     1     0   228
    1  2522  1089     1     1   229
    2  2373  1119     1     2   230
    3  2023  1185     1     3   231
    4  1832  1191     1     4   232
    5  1502  1168     1     5   233
    6  1122  1053     1     6   234
    7   977  1023     1     7   235
    8   907   990     1     8   236
    9   967   954     1     9   237
   10  1105   930     1    10   238
   11  1403   828     1    11   239
   12  1861   752     1    12   240
   13  2027   765     1    13   241
   14  2314   838     1    14   242
   15  2575   911     1    15   243
   16  2518  1026     1    16   244
   17  2350  1033     1    17   245
   18  2046   967     1    18   246
