point     x     y slice color    ID
    0  2723  1003     1     0   475
    1  2591  1109     1     1   476
    2  2446  1175     1     2   477
    3  2076  1290     1     3   478
    4  1835  1320     1     4   479
    5  1485  1313     1     5   480
    6  1039  1188     1     6   481
    7   845  1132     1     7   482
    8   792  1076     1     8   483
    9   861  1059     1     9   484
   10  1003  1063     1    10   485
   11  1343   964     1    11   486
   12  1871   841     1    12   487
   13  2079   828     1    13   488
   14  2357   884     1    14   489
   15  2598   904     1    15   490
   16  2571  1046     1    16   491
   17  2452  1079     1    17   492
   18  2119  1069     1    18   493
