point     x     y slice color    ID
    0  2578   983     1     0   532
    1  2443  1072     1     1   533
    2  2297  1119     1     2   534
    3  1970  1198     1     3   535
    4  1795  1228     1     4   536
    5  1492  1231     1     5   537
    6  1145  1181     1     6   538
    7   964  1181     1     7   539
    8   901  1148     1     8   540
    9   970  1105     1     9   541
   10  1099  1082     1    10   542
   11  1320   940     1    11   543
   12  1828   815     1    12   544
   13  1964   822     1    13   545
   14  2142   858     1    14   546
   15  2476   894     1    15   547
   16  2446  1020     1    16   548
   17  2297  1023     1    17   549
   18  1994  1023     1    18   550
