point     x     y slice color    ID
    0  2809  1066     1     0   456
    1  2644  1138     1     1   457
    2  2469  1185     1     2   458
    3  2060  1244     1     3   459
    4  1838  1224     1     4   460
    5  1498  1195     1     5   461
    6  1020  1056     1     6   462
    7   792  1020     1     7   463
    8   726   980     1     8   464
    9   818   944     1     9   465
   10  1013   917     1    10   466
   11  1373   822     1    11   467
   12  1924   812     1    12   468
   13  2086   812     1    13   469
   14  2400   855     1    14   470
   15  2684   927     1    15   471
   16  2637  1079     1    16   472
   17  2462  1086     1    17   473
   18  2096  1039     1    18   474
