point     x     y slice color    ID
    0  2578   987     1     0   513
    1  2446  1072     1     1   514
    2  2317  1109     1     2   515
    3  1954  1195     1     3   516
    4  1736  1221     1     4   517
    5  1386  1214     1     5   518
    6   977  1109     1     6   519
    7   828  1138     1     7   520
    8   759  1132     1     8   521
    9   805  1066     1     9   522
   10   927  1020     1    10   523
   11  1251   868     1    11   524
   12  1776   795     1    12   525
   13  1944   789     1    13   526
   14  2195   828     1    14   527
   15  2479   874     1    15   528
   16  2439  1016     1    16   529
   17  2310  1020     1    17   530
   18  1967  1013     1    18   531
