point     x     y slice color    ID
    0  2657  1109     1     0   399
    1  2499  1201     1     1   400
    2  2347  1238     1     2   401
    3  2017  1307     1     3   402
    4  1812  1320     1     4   403
    5  1465  1313     1     5   404
    6  1059  1208     1     6   405
    7   868  1171     1     7   406
    8   795  1125     1     8   407
    9   891  1092     1     9   408
   10  1059  1059     1    10   409
   11  1373   957     1    11   410
   12  1855   901     1    12   411
   13  2050   907     1    13   412
   14  2264   937     1    14   413
   15  2551   987     1    15   414
   16  2495  1125     1    16   415
   17  2343  1129     1    17   416
   18  2013  1115     1    18   417
