point     x     y slice color    ID
    0  2700  1003     1     0   551
    1  2548  1066     1     1   552
    2  2410  1102     1     2   553
    3  2063  1185     1     3   554
    4  1861  1195     1     4   555
    5  1551  1178     1     5   556
    6  1142  1086     1     6   557
    7   977  1089     1     7   558
    8   894  1082     1     8   559
    9   954  1023     1     9   560
   10  1109   980     1    10   561
   11  1403   831     1    11   562
   12  1928   752     1    12   563
   13  2069   765     1    13   564
   14  2367   828     1    14   565
   15  2614   874     1    15   566
   16  2548  1006     1    16   567
   17  2403  1020     1    17   568
   18  2083   983     1    18   569
