point     x     y slice color    ID
    0  2710   944     1     0   361
    1  2495  1059     1     1   362
    2  2317  1102     1     2   363
    3  1924  1181     1     3   364
    4  1710  1175     1     4   365
    5  1327  1152     1     5   366
    6   825  1030     1     6   367
    7   680  1000     1     7   368
    8   584   967     1     8   369
    9   663   911     1     9   370
   10   831   874     1    10   371
   11  1201   742     1    11   372
   12  1779   650     1    12   373
   13  1934   680     1    13   374
   14  2238   726     1    14   375
   15  2575   808     1    15   376
   16  2495   973     1    16   377
   17  2304   977     1    17   378
   18  1934   921     1    18   379
