point     x     y slice color    ID
    0  2898   970     1     0   380
    1  2693  1066     1     1   381
    2  2518  1125     1     2   382
    3  2109  1221     1     3   383
    4  1852  1234     1     4   384
    5  1488  1251     1     5   385
    6   964  1165     1     6   386
    7   795  1168     1     7   387
    8   703  1145     1     8   388
    9   749  1069     1     9   389
   10   957  1006     1    10   390
   11  1323   822     1    11   391
   12  1888   729     1    12   392
   13  2102   726     1    13   393
   14  2419   759     1    14   394
   15  2733   812     1    15   395
   16  2693   990     1    16   396
   17  2505  1010     1    17   397
   18  2073  1006     1    18   398
