point     x     y slice color    ID
    0   980   866     1     0    77
    1  1068  1002     1     1    78
    2  1116  1130     1     2    79
    3  1232  1490     1     3    80
    4  1240  1686     1     4    81
    5  1236  2022     1     5    82
    6  1164  2438     1     6    83
    7  1160  2574     1     7    84
    8  1152  2650     1     8    85
    9  1084  2606     1     9    86
   10  1028  2462     1    10    87
   11   876  2170     1    11    88
   12   780  1650     1    12    89
   13   796  1474     1    13    90
   14   848  1214     1    14    91
   15   884   978     1    15    92
   16  1016  1014     1    16    93
   17  1028  1146     1    17    94
   18  1004  1494     1    18    95
