point     x     y slice color    ID
    0   928   470     1     0    20
    1  1072   606     1     1    21
    2  1148   742     1     2    22
    3  1332  1130     1     3    23
    4  1360  1366     1     4    24
    5  1372  1758     1     5    25
    6  1216  2242     1     6    26
    7  1100  2418     1     7    27
    8  1040  2478     1     8    28
    9  1032  2386     1     9    29
   10  1072  2234     1    10    30
   11   960  1902     1    11    31
   12   884  1338     1    12    32
   13   864  1142     1    13    33
   14   880   886     1    14    34
   15   852   610     1    15    35
   16  1016   626     1    16    36
   17  1048   782     1    17    37
   18  1100  1158     1    18    38
