point     x     y slice color    ID
    0   952   554     1     0    58
    1  1080   686     1     1    59
    2  1148   822     1     2    60
    3  1276  1226     1     3    61
    4  1284  1450     1     4    62
    5  1256  1850     1     5    63
    6  1088  2290     1     6    64
    7  1032  2438     1     7    65
    8   980  2498     1     8    66
    9   940  2426     1     9    67
   10   940  2258     1    10    68
   11   884  1822     1    11    69
   12   852  1446     1    12    70
   13   840  1246     1    13    71
   14   840   978     1    14    72
   15   856   678     1    15    73
   16  1032   702     1    16    74
   17  1056   862     1    17    75
   18  1072  1278     1    18    76
