point     x     y slice color    ID
    0  1068   402     1     0   115
    1  1152   562     1     1   116
    2  1188   698     1     2   117
    3  1280  1118     1     3   118
    4  1272  1354     1     4   119
    5  1252  1702     1     5   120
    6  1084  2198     1     6   121
    7  1008  2346     1     7   122
    8   936  2414     1     8   123
    9   920  2322     1     9   124
   10   948  2178     1    10   125
   11   884  1774     1    11   126
   12   840  1298     1    12   127
   13   844  1102     1    13   128
   14   876   834     1    14   129
   15   936   518     1    15   130
   16  1092   570     1    16   131
   17  1084   718     1    17   132
   18  1060  1110     1    18   133
