point     x     y slice color    ID
    0  1096   330     1     0   134
    1  1168   446     1     1   135
    2  1212   574     1     2   136
    3  1292   946     1     3   137
    4  1308  1142     1     4   138
    5  1328  1474     1     5   139
    6  1212  1870     1     6   140
    7  1124  2046     1     7   141
    8  1064  2094     1     8   142
    9  1060  2026     1     9   143
   10  1088  1858     1    10   144
   11  1000  1614     1    11   145
   12   888  1122     1    12   146
   13   900   946     1    13   147
   14   940   694     1    14   148
   15  1116   462     1    15   149
   16  1116   610     1    16   150
   17  1084   934     1    17   151
