point     x     y slice color    ID
    0  2660  1000     1     0   589
    1  2485  1063     1     1   590
    2  2324  1089     1     2   591
    3  1984  1148     1     3   592
    4  1723  1148     1     4   593
    5  1416  1122     1     5   594
    6   957  1010     1     6   595
    7   812   997     1     7   596
    8   742   973     1     8   597
    9   802   924     1     9   598
   10   954   878     1    10   599
   11  1290   736     1    11   600
   12  1819   686     1    12   601
   13  1990   709     1    13   602
   14  2241   769     1    14   603
   15  2548   841     1    15   604
   16  2479   993     1    16   605
   17  2317   993     1    17   606
   18  1974   940     1    18   607
