point     x     y slice color    ID
    0  2651   960     1     0   570
    1  2489  1059     1     1   571
    2  2330  1125     1     2   572
    3  1990  1234     1     3   573
    4  1779  1277     1     4   574
    5  1399  1284     1     5   575
    6   947  1195     1     6   576
    7   792  1185     1     7   577
    8   726  1158     1     8   578
    9   782  1109     1     9   579
   10   934  1072     1    10   580
   11  1228   930     1    11   581
   12  1799   805     1    12   582
   13  1957   805     1    13   583
   14  2202   835     1    14   584
   15  2538   868     1    15   585
   16  2482   997     1    16   586
   17  2317  1020     1    17   587
   18  1961  1030     1    18   588
