point     x     y slice color    ID
    0  1084   226     1     0   152
    1  1168   398     1     1   153
    2  1216   562     1     2   154
    3  1288  1018     1     3   155
    4  1304  1274     1     4   156
    5  1292  1638     1     5   157
    6  1220  1942     1     6   158
    7  1156  2302     1     7   159
    8  1136  2394     1     8   160
    9  1068  2330     1     9   161
   10  1040  2170     1    10   162
   11   912  1846     1    11   163
   12   836  1230     1    12   164
   13   836  1006     1    13   165
   14   884   718     1    14   166
   15   932   346     1    15   167
   16  1112   406     1    16   168
   17  1112   586     1    17   169
   18  1064   970     1    18   170
