point     x     y slice color    ID
    0  1080   738     1     0    39
    1  1140   870     1     1    40
    2  1184   994     1     2    41
    3  1288  1394     1     3    42
    4  1296  1634     1     4    43
    5  1300  1958     1     5    44
    6  1284  2442     1     6    45
    7  1320  2582     1     7    46
    8  1316  2662     1     8    47
    9  1248  2622     1     9    48
   10  1172  2474     1    10    49
   11   972  2142     1    11    50
   12   860  1594     1    12    51
   13   876  1398     1    13    52
   14   900  1198     1    14    53
   15   972   842     1    15    54
   16  1084   878     1    16    55
   17  1080  1014     1    17    56
   18  1044  1346     1    18    57
