point     x     y slice color    ID
    0   992   382     1     0   322
    1  1092   506     1     1   323
    2  1140   646     1     2   324
    3  1284  1006     1     3   325
    4  1320  1202     1     4   326
    5  1340  1558     1     5   327
    6  1280  2054     1     6   328
    7  1276  2214     1     7   329
    8  1236  2278     1     8   330
    9  1188  2222     1     9   331
   10  1160  2066     1    10   332
   11  1000  1766     1    11   333
   12   856  1210     1    12   334
   13   864   998     1    13   335
   14   868   766     1    14   336
   15   896   478     1    15   337
   16  1044   530     1    16   338
   17  1052   678     1    17   339
   18  1056  1006     1    18   340
