point     x     y slice color    ID
    0   774   420     1     0    20
    1   930   612     1     1    21
    2  1026   774     1     2    22
    3  1158  1236     1     3    23
    4  1170  1458     1     4    24
    5  1188  1902     1     5    25
    6  1086  2532     1     6    26
    7  1068  2730     1     7    27
    8  1026  2814     1     8    28
    9   972  2760     1     9    29
   10   960  2556     1    10    30
   11   792  2196     1    11    31
   12   630  1470     1    12    32
   13   606  1260     1    13    33
   14   648   924     1    14    34
   15   666   564     1    15    35
   16   840   636     1    16    36
   17   858   822     1    17    37
