point     x     y slice color    ID
    0  1084   182     1     0   209
    1  1180   346     1     1   210
    2  1228   486     1     2   211
    3  1336   818     1     3   212
    4  1332  1034     1     4   213
    5  1336  1286     1     5   214
    6  1232  1694     1     6   215
    7  1200  1842     1     7   216
    8  1156  1918     1     8   217
    9  1124  1838     1     9   218
   10  1136  1710     1    10   219
   11  1008  1390     1    11   220
   12   952   990     1    12   221
   13   940   806     1    13   222
   14   968   594     1    14   223
   15   976   310     1    15   224
   16  1112   362     1    16   225
   17  1120   506     1    17   226
   18  1128   854     1    18   227
