point     x     y slice color    ID
    0  2577   871     1     0     1
    1  2429   999     1     1     2
    2  2275  1061     1     2     3
    3  1937  1197     1     3     4
    4  1711  1231     1     4     5
    5  1343  1237     1     5     6
    6   901  1155     1     6     7
    7   713  1135     1     7     8
    8   657  1087     1     8     9
    9   705  1045     1     9    10
   10   879  1013     1    10    11
   11  1171   869     1    11    12
   12  1713   747     1    12    13
   13  1923   743     1    13    14
   14  2145   767     1    14    15
   15  2449   785     1    15    16
   16  2423   941     1    16    17
   17  2269   957     1    17    18
   18  1909   983     1    18    19
