point     x     y slice color    ID
    0  1004   282     1     0   303
    1  1112   470     1     1   304
    2  1164   630     1     2   305
    3  1256  1058     1     3   306
    4  1256  1298     1     4   307
    5  1240  1694     1     5   308
    6  1080  2234     1     6   309
    7  1068  2394     1     7   310
    8  1028  2486     1     8   311
    9   980  2414     1     9   312
   10   960  2270     1    10   313
   11   780  1870     1    11   314
   12   744  1230     1    12   315
   13   752  1074     1    13   316
   14   812   698     1    14   317
   15   904   402     1    15   318
   16  1044   478     1    16   319
   17  1052   674     1    17   320
   18  1016  1070     1    18   321
