point     x     y slice color    ID
    0  1052   618     1     0   417
    1  1156   754     1     1   418
    2  1240   898     1     2   419
    3  1396  1290     1     3   420
    4  1432  1534     1     4   421
    5  1432  1902     1     5   422
    6  1324  2442     1     6   423
    7  1248  2626     1     7   424
    8  1188  2698     1     8   425
    9  1156  2614     1     9   426
   10  1184  2434     1    10   427
   11  1044  2046     1    11   428
   12   956  1526     1    12   429
   13   928  1322     1    13   430
   14   928  1066     1    14   431
   15   952   750     1    15   432
   16  1112   774     1    16   433
   17  1132   918     1    17   434
   18  1168  1302     1    18   435
