point     x     y slice color    ID
    0   920   530     1     0   379
    1  1000   650     1     1   380
    2  1036   770     1     2   381
    3  1124  1138     1     3   382
    4  1152  1382     1     4   383
    5  1144  1774     1     5   384
    6  1072  2186     1     6   385
    7  1060  2362     1     7   386
    8  1024  2426     1     8   387
    9   976  2382     1     9   388
   10   940  2226     1    10   389
   11   808  1918     1    11   390
   12   696  1306     1    12   391
   13   720  1150     1    13   392
   14   768   898     1    14   393
   15   832   602     1    15   394
   16   944   666     1    16   395
   17   948   798     1    17   396
   18   904  1138     1    18   397
