point     x     y slice color    ID
    0  1072   566     1     0   360
    1  1140   702     1     1   361
    2  1172   846     1     2   362
    3  1216  1202     1     3   363
    4  1212  1366     1     4   364
    5  1216  1694     1     5   365
    6  1096  2058     1     6   366
    7  1072  2206     1     7   367
    8  1036  2282     1     8   368
    9   988  2230     1     9   369
   10   948  2090     1    10   370
   11   836  1818     1    11   371
   12   776  1306     1    12   372
   13   788  1190     1    13   373
   14   896   890     1    14   374
   15   948   654     1    15   375
   16  1084   706     1    16   376
   17  1076   862     1    17   377
   18  1032  1174     1    18   378
