point     x     y slice color    ID
    0  2906   918     1     0    59
    1  2711  1023     1     1    60
    2  2513  1101     1     2    61
    3  2033  1206     1     3    62
    4  1736  1188     1     4    63
    5  1220  1134     1     5    64
    6   602   900     1     6    65
    7   428   876     1     7    66
    8   311   828     1     8    67
    9   419   768     1     9    68
   10   605   741     1    10    69
   11  1031   630     1    11    70
   12  1778   627     1    12    71
   13  2057   642     1    13    72
   14  2390   699     1    14    73
   15  2756   747     1    15    74
   16  2711   957     1    16    75
   17  2513   948     1    17    76
   18  2030   915     1    18    77
