point     x     y slice color    ID
    0  2618  1000     1     0   173
    1  2462  1079     1     1   174
    2  2324  1102     1     2   175
    3  1908  1175     1     3   176
    4  1673  1185     1     4   177
    5  1327  1168     1     5   178
    6   851  1066     1     6   179
    7   693  1072     1     7   180
    8   617  1056     1     8   181
    9   670  1010     1     9   182
   10   838   944     1    10   183
   11  1129   795     1    11   184
   12  1772   656     1    12   185
   13  1954   703     1    13   186
   14  2238   789     1    14   187
   15  2522   874     1    15   188
   16  2462  1010     1    16   189
   17  2320  1003     1    17   190
   18  1944   940     1    18   191
