point     x     y slice color    ID
    0  2769   904     1     0   154
    1  2578  1016     1     1   155
    2  2393  1086     1     2   156
    3  2010  1205     1     3   157
    4  1749  1211     1     4   158
    5  1317  1181     1     5   159
    6   792  1046     1     6   160
    7   620  1053     1     7   161
    8   524  1026     1     8   162
    9   584   957     1     9   163
   10   749   921     1    10   164
   11  1138   739     1    11   165
   12  1776   643     1    12   166
   13  1967   656     1    13   167
   14  2304   729     1    14   168
   15  2624   782     1    15   169
   16  2575   950     1    16   170
   17  2393   960     1    17   171
   18  1987   937     1    18   172
