point     x     y slice color    ID
    0  2852  1016     1     0    78
    1  2703  1096     1     1    79
    2  2542  1158     1     2    80
    3  2122  1261     1     3    81
    4  1852  1267     1     4    82
    5  1455  1274     1     5    83
    6   914  1145     1     6    84
    7   706  1105     1     7    85
    8   660  1053     1     8    86
    9   729  1013     1     9    87
   10   894   997     1    10    88
   11  1261   845     1    11    89
   12  1931   742     1    12    90
   13  2099   759     1    13    91
   14  2436   812     1    14    92
   15  2743   878     1    15    93
   16  2707  1039     1    16    94
   17  2545  1056     1    17    95
   18  2129  1020     1    18    96
