point     x     y slice color    ID
    0  2750   888     1     0    39
    1  2590  1030     1     1    40
    2  2436  1098     1     2    41
    3  2082  1218     1     3    42
    4  1852  1246     1     4    43
    5  1456  1234     1     5    44
    6   982  1128     1     6    45
    7   778  1096     1     7    46
    8   724  1042     1     8    47
    9   802  1022     1     9    48
   10   948  1012     1    10    49
   11  1314   860     1    11    50
   12  1878   796     1    12    51
   13  2070   782     1    13    52
   14  2336   792     1    14    53
   15  2620   794     1    15    54
   16  2580   928     1    16    55
   17  2400   958     1    17    56
   18  2074   978     1    18    57
