point     x     y slice color    ID
    0  2724   970     1     0    20
    1  2550  1110     1     1    21
    2  2386  1188     1     2    22
    3  2018  1308     1     3    23
    4  1800  1308     1     4    24
    5  1446  1290     1     5    25
    6   930  1088     1     6    26
    7   810  1038     1     7    27
    8   748   976     1     8    28
    9   834   954     1     9    29
   10   952   972     1    10    30
   11  1342   890     1    11    31
   12  1826   862     1    12    32
   13  1984   844     1    13    33
   14  2270   850     1    14    34
   15  2572   848     1    15    35
   16  2550  1050     1    16    36
   17  2392  1088     1    17    37
   18  2008  1108     1    18    38
