point     x     y slice color    ID
    0  2779  1056     1     0   116
    1  2611  1125     1     1   117
    2  2446  1185     1     2   118
    3  2076  1292     1     3   119
    4  1835  1287     1     4   120
    5  1472  1254     1     5   121
    6   990  1122     1     6   122
    7   828  1092     1     7   123
    8   742  1066     1     8   124
    9   818  1013     1     9   125
   10   983   990     1    10   126
   11  1274   868     1    11   127
   12  1898   802     1    12   128
   13  2076   812     1    13   129
   14  2386   845     1    14   130
   15  2674   917     1    15   131
   16  2611  1056     1    16   132
   17  2436  1056     1    17   133
   18  2079  1049     1    18   134
