point     x     y slice color    ID
    0  2925  1033     1     0   135
    1  2759  1119     1     1   136
    2  2601  1158     1     2   137
    3  2172  1284     1     3   138
    4  1891  1300     1     4   139
    5  1482  1254     1     5   140
    6   950  1112     1     6   141
    7   792  1099     1     7   142
    8   696  1096     1     8   143
    9   759  1013     1     9   144
   10   934   954     1    10   145
   11  1313   792     1    11   146
   12  1987   742     1    12   147
   13  2155   759     1    13   148
   14  2525   825     1    14   149
   15  2816   891     1    15   150
   16  2756  1059     1    16   151
   17  2601  1059     1    17   152
   18  2198  1026     1    18   153
