point     x     y slice color    ID
    0  2750   901     1     0   192
    1  2532  1049     1     1   193
    2  2343  1112     1     2   194
    3  1891  1218     1     3   195
    4  1601  1205     1     4   196
    5  1221  1175     1     5   197
    6   633  1063     1     6   198
    7   488  1066     1     7   199
    8   409  1023     1     8   200
    9   478   960     1     9   201
   10   630   930     1    10   202
   11  1049   752     1    11   203
   12  1634   660     1    12   204
   13  1894   663     1    13   205
   14  2244   699     1    14   206
   15  2568   739     1    15   207
   16  2535   954     1    16   208
   17  2347   970     1    17   209
   18  1894   930     1    18   210
