point     x     y slice color    ID
    0  3092   978     1     0    58
    1  2880  1096     1     1    59
    2  2678  1174     1     2    60
    3  2204  1268     1     3    61
    4  1908  1256     1     4    62
    5  1438  1228     1     5    63
    6   736  1108     1     6    64
    7   606  1110     1     7    65
    8   538  1058     1     8    66
    9   588  1016     1     9    67
   10   742   966     1    10    68
   11  1136   756     1    11    69
   12  1930   682     1    12    70
   13  2186   704     1    13    71
   14  2546   738     1    14    72
   15  2944   806     1    15    73
   16  2894  1014     1    16    74
   17  2674  1022     1    17    75
   18  2284   946     1    18    76
