point     x     y slice color    ID
    0  2776   802     1     0    97
    1  2565   911     1     1    98
    2  2386   967     1     2    99
    3  1977  1069     1     3   100
    4  1720  1063     1     4   101
    5  1360  1046     1     5   102
    6   831   911     1     6   103
    7   617   878     1     7   104
    8   544   841     1     8   105
    9   637   792     1     9   106
   10   812   769     1    10   107
   11  1205   643     1    11   108
   12  1759   584     1    12   109
   13  1957   574     1    13   110
   14  2221   590     1    14   111
   15  2614   633     1    15   112
   16  2565   822     1    16   113
   17  2383   841     1    17   114
   18  1951   818     1    18   115
