point     x     y slice color    ID
    0  2839   967     1     0   249
    1  2667  1072     1     1   250
    2  2502  1125     1     2   251
    3  2076  1198     1     3   252
    4  1815  1175     1     4   253
    5  1475  1138     1     5   254
    6   970  1013     1     6   255
    7   802  1000     1     7   256
    8   719   970     1     8   257
    9   789   911     1     9   258
   10   954   888     1    10   259
   11  1294   775     1    11   260
   12  1911   726     1    12   261
   13  2093   739     1    13   262
   14  2426   795     1    14   263
   15  2720   858     1    15   264
   16  2660  1020     1    16   265
   17  2495  1033     1    17   266
   18  2093   990     1    18   267
