point     x     y slice color    ID
    0  2581   825     1     0   363
    1  2423   930     1     1   364
    2  2258   987     1     2   365
    3  1944  1086     1     3   366
    4  1716  1109     1     4   367
    5  1356  1142     1     5   368
    6   874  1033     1     6   369
    7   723  1016     1     7   370
    8   637   983     1     8   371
    9   713   940     1     9   372
   10   861   914     1    10   373
   11  1152   798     1    11   374
   12  1713   647     1    12   375
   13  1954   633     1    13   376
   14  2188   670     1    14   377
   15  2462   709     1    15   378
   16  2416   864     1    16   379
   17  2261   864     1    17   380
   18  1928   855     1    18   381
