point     x     y slice color    ID
    0  2618   930     1     0   287
    1  2423  1020     1     1   288
    2  2268  1072     1     2   289
    3  1855  1155     1     3   290
    4  1574  1158     1     4   291
    5  1211  1135     1     5   292
    6   656  1023     1     6   293
    7   511  1023     1     7   294
    8   419  1003     1     8   295
    9   488   934     1     9   296
   10   663   894     1    10   297
   11  1072   740     1    11   298
   12  1640   680     1    12   299
   13  1844   688     1    13   300
   14  2119   719     1    14   301
   15  2482   782     1    15   302
   16  2419   927     1    16   303
   17  2248   954     1    17   304
   18  1825   924     1    18   305
