point     x     y slice color    ID
    0  2816   940     1     0   325
    1  2637  1039     1     1   326
    2  2485  1092     1     2   327
    3  2013  1211     1     3   328
    4  1776  1228     1     4   329
    5  1403  1228     1     5   330
    6   845  1086     1     6   331
    7   650  1039     1     7   332
    8   597   983     1     8   333
    9   663   947     1     9   334
   10   825   950     1    10   335
   11  1214   812     1    11   336
   12  1799   696     1    12   337
   13  2030   683     1    13   338
   14  2383   752     1    14   339
   15  2684   818     1    15   340
   16  2634   973     1    16   341
   17  2472   970     1    17   342
   18  2043   950     1    18   343
