point     x     y slice color    ID
    0  2717  1006     1     0   382
    1  2535  1119     1     1   383
    2  2406  1181     1     2   384
    3  1990  1264     1     3   385
    4  1782  1261     1     4   386
    5  1475  1267     1     5   387
    6   944  1158     1     6   388
    7   792  1138     1     7   389
    8   706  1089     1     8   390
    9   785  1043     1     9   391
   10   980   987     1    10   392
   11  1330   868     1    11   393
   12  1828   822     1    12   394
   13  1977   818     1    13   395
   14  2301   845     1    14   396
   15  2568   888     1    15   397
   16  2542  1069     1    16   398
   17  2377  1072     1    17   399
   18  2003  1049     1    18   400
