point     x     y slice color    ID
    0  2611   888     1     0   230
    1  2423   987     1     1   231
    2  2258  1030     1     2   232
    3  1855  1119     1     3   233
    4  1637  1105     1     4   234
    5  1330  1082     1     5   235
    6   888  1013     1     6   236
    7   680   990     1     7   237
    8   607   960     1     8   238
    9   663   911     1     9   239
   10   858   861     1    10   240
   11  1191   736     1    11   241
   12  1720   670     1    12   242
   13  1885   666     1    13   243
   14  2178   696     1    14   244
   15  2466   756     1    15   245
   16  2413   914     1    16   246
   17  2231   924     1    17   247
   18  1845   904     1    18   248
