point     x     y slice color    ID
    0  2700  1132     1     0   211
    1  2528  1204     1     1   212
    2  2336  1236     1     2   213
    3  1916  1296     1     3   214
    4  1668  1292     1     4   215
    5  1300  1241     1     5   216
    6   782  1109     1     6   217
    7   614  1096     1     7   218
    8   554  1046     1     8   219
    9   620  1000     1     9   220
   10   772   973     1    10   221
   11  1135   858     1    11   222
   12  1746   785     1    12   223
   13  1957   795     1    13   224
   14  2307   881     1    14   225
   15  2601   977     1    15   226
   16  2522  1148     1    16   227
   17  2334  1158     1    17   228
   18  1918  1072     1    18   229
