point     x     y slice color    ID
    0  2662  1080     1     0    77
    1  2490  1200     1     1    78
    2  2338  1260     1     2    79
    3  2032  1332     1     3    80
    4  1802  1342     1     4    81
    5  1516  1336     1     5    82
    6  1074  1242     1     6    83
    7   910  1216     1     7    84
    8   864  1172     1     8    85
    9   918  1150     1     9    86
   10  1088  1126     1    10    87
   11  1388  1014     1    11    88
   12  1794   952     1    12    89
   13  2014   922     1    13    90
   14  2258   934     1    14    91
   15  2536   956     1    15    92
   16  2478  1110     1    16    93
   17  2318  1118     1    17    94
   18  1966  1134     1    18    95
