point     x     y slice color    ID
    0  2525  1036     1     0   439
    1  2360  1138     1     1   440
    2  2195  1195     1     2   441
    3  1812  1287     1     3   442
    4  1584  1271     1     4   443
    5  1257  1244     1     5   444
    6   762  1109     1     6   445
    7   614  1072     1     7   446
    8   557  1023     1     8   447
    9   627  1000     1     9   448
   10   779   983     1    10   449
   11  1129   874     1    11   450
   12  1640   845     1    12   451
   13  1848   848     1    13   452
   14  2093   874     1    14   453
   15  2403   914     1    15   454
   16  2353  1076     1    16   455
   17  2185  1082     1    17   456
   18  1792  1063     1    18   457
