point     x     y slice color    ID
    0  2555   954     1     0   515
    1  2380  1056     1     1   516
    2  2218  1112     1     2   517
    3  1812  1198     1     3   518
    4  1578  1211     1     4   519
    5  1267  1185     1     5   520
    6   779  1079     1     6   521
    7   620  1056     1     7   522
    8   548  1026     1     8   523
    9   614   973     1     9   524
   10   752   950     1    10   525
   11  1145   828     1    11   526
   12  1601   765     1    12   527
   13  1789   752     1    13   528
   14  2129   779     1    14   529
   15  2406   815     1    15   530
   16  2380   977     1    16   531
   17  2208   993     1    17   532
   18  1795   990     1    18   533
