point     x     y slice color    ID
    0  2885   927     1     0   477
    1  2693  1033     1     1   478
    2  2542  1119     1     2   479
    3  2155  1264     1     3   480
    4  1914  1287     1     4   481
    5  1479  1257     1     5   482
    6   977  1092     1     6   483
    7   749   964     1     7   484
    8   719   897     1     8   485
    9   805   888     1     9   486
   10   970   917     1    10   487
   11  1307   841     1    11   488
   12  1937   775     1    12   489
   13  2129   765     1    13   490
   14  2436   772     1    14   491
   15  2726   785     1    15   492
   16  2697   970     1    16   493
   17  2528   983     1    17   494
   18  2139  1013     1    18   495
