point     x     y slice color    ID
    0  2810   986     1     0   134
    1  2610  1098     1     1   135
    2  2438  1170     1     2   136
    3  2070  1258     1     3   137
    4  1848  1260     1     4   138
    5  1508  1258     1     5   139
    6  1020  1108     1     6   140
    7   830  1058     1     7   141
    8   772  1018     1     8   142
    9   836   984     1     9   143
   10  1012   982     1    10   144
   11  1406   870     1    11   145
   12  1876   804     1    12   146
   13  2060   814     1    13   147
   14  2360   824     1    14   148
   15  2664   854     1    15   149
   16  2614  1018     1    16   150
   17  2430  1032     1    17   151
   18  2058  1022     1    18   152
