point     x     y slice color    ID
    0  2644   993     1     0   401
    1  2466  1082     1     1   402
    2  2301  1135     1     2   403
    3  1904  1224     1     3   404
    4  1670  1231     1     4   405
    5  1320  1244     1     5   406
    6   812  1175     1     6   407
    7   663  1175     1     7   408
    8   587  1142     1     8   409
    9   653  1089     1     9   410
   10   798  1046     1    10   411
   11  1165   871     1    11   412
   12  1687   779     1    12   413
   13  1901   775     1    13   414
   14  2202   798     1    14   415
   15  2499   841     1    15   416
   16  2469  1006     1    16   417
   17  2294  1016     1    17   418
   18  1881  1006     1    18   419
