point     x     y slice color    ID
    0  2766  1102     1     0   420
    1  2565  1201     1     1   421
    2  2400  1267     1     2   422
    3  2040  1323     1     3   423
    4  1805  1337     1     4   424
    5  1479  1323     1     5   425
    6  1013  1224     1     6   426
    7   831  1218     1     7   427
    8   756  1195     1     8   428
    9   818  1152     1     9   429
   10   970  1099     1    10   430
   11  1346   970     1    11   431
   12  1871   894     1    12   432
   13  2050   891     1    13   433
   14  2320   911     1    14   434
   15  2614   950     1    15   435
   16  2575  1132     1    16   436
   17  2396  1138     1    17   437
   18  2010  1132     1    18   438
