point     x     y slice color    ID
    0  2730   983     1     0   458
    1  2542  1092     1     1   459
    2  2353  1142     1     2   460
    3  1980  1228     1     3   461
    4  1726  1231     1     4   462
    5  1300  1251     1     5   463
    6   749  1145     1     6   464
    7   584  1168     1     7   465
    8   495  1155     1     8   466
    9   567  1072     1     9   467
   10   716  1020     1    10   468
   11  1119   825     1    11   469
   12  1749   703     1    12   470
   13  1970   716     1    13   471
   14  2281   782     1    14   472
   15  2614   851     1    15   473
   16  2542  1020     1    16   474
   17  2367  1020     1    17   475
   18  1964   990     1    18   476
