point     x     y slice color    ID
    0  2812   983     1     0   496
    1  2657  1063     1     1   497
    2  2509  1092     1     2   498
    3  2122  1162     1     3   499
    4  1908  1165     1     4   500
    5  1551  1158     1     5   501
    6  1069  1152     1     6   502
    7   934  1224     1     7   503
    8   874  1241     1     8   504
    9   881  1181     1     9   505
   10  1036  1036     1    10   506
   11  1356   835     1    11   507
   12  1934   742     1    12   508
   13  2152   736     1    13   509
   14  2456   795     1    14   510
   15  2703   864     1    15   511
   16  2670  1000     1    16   512
   17  2502  1003     1    17   513
   18  2145   960     1    18   514
