point     x     y slice color    ID
    0  2760   946     1     0   115
    1  2548  1082     1     1   116
    2  2366  1160     1     2   117
    3  1944  1280     1     3   118
    4  1678  1270     1     4   119
    5  1314  1234     1     5   120
    6   854  1124     1     6   121
    7   618  1106     1     7   122
    8   572  1068     1     8   123
    9   624  1014     1     9   124
   10   842   982     1    10   125
   11  1226   856     1    11   126
   12  1726   782     1    12   127
   13  1924   772     1    13   128
   14  2262   778     1    14   129
   15  2602   798     1    15   130
   16  2554   982     1    16   131
   17  2372  1008     1    17   132
   18  1890  1058     1    18   133
