point     x     y slice color    ID
    0  2756  1094     1     0   153
    1  2602  1188     1     1   154
    2  2450  1240     1     2   155
    3  2080  1336     1     3   156
    4  1872  1334     1     4   157
    5  1564  1318     1     5   158
    6  1122  1234     1     6   159
    7   932  1214     1     7   160
    8   872  1186     1     8   161
    9   932  1140     1     9   162
   10  1086  1112     1    10   163
   11  1438   994     1    11   164
   12  1910   916     1    12   165
   13  2080   924     1    13   166
   14  2320   928     1    14   167
   15  2622   970     1    15   168
   16  2596  1116     1    16   169
   17  2434  1130     1    17   170
   18  2088  1140     1    18   171
