point     x     y slice color    ID
    0  2694   939     1     0   266
    1  2518  1055     1     1   267
    2  2356  1111     1     2   268
    3  1992  1191     1     3   269
    4  1778  1179     1     4   270
    5  1450  1149     1     5   271
    6   976   995     1     6   272
    7   806   963     1     7   273
    8   734   913     1     8   274
    9   822   877     1     9   275
   10   984   875     1    10   276
   11  1334   781     1    11   277
   12  1844   733     1    12   278
   13  2002   741     1    13   279
   14  2256   777     1    14   280
   15  2542   811     1    15   281
   16  2514   967     1    16   282
   17  2342   969     1    17   283
   18  1982   933     1    18   284
