point     x     y slice color    ID
    0  2632  1119     1     0   304
    1  2452  1193     1     1   305
    2  2300  1245     1     2   306
    3  1874  1293     1     3   307
    4  1628  1283     1     4   308
    5  1314  1255     1     5   309
    6   812  1207     1     6   310
    7   652  1255     1     7   311
    8   580  1253     1     8   312
    9   610  1175     1     9   313
   10   774  1075     1    10   314
   11  1138   859     1    11   315
   12  1720   809     1    12   316
   13  1888   823     1    13   317
   14  2208   887     1    14   318
   15  2524   973     1    15   319
   16  2458  1121     1    16   320
   17  2292  1113     1    17   321
   18  1870  1059     1    18   322
