point     x     y slice color    ID
    0  3044   869     1     0   247
    1  2858  1005     1     1   248
    2  2686  1087     1     2   249
    3  2268  1187     1     3   250
    4  1996  1193     1     4   251
    5  1592  1179     1     5   252
    6  1026  1055     1     6   253
    7   860  1019     1     7   254
    8   786   971     1     8   255
    9   856   919     1     9   256
   10  1018   889     1    10   257
   11  1436   753     1    11   258
   12  2056   681     1    12   259
   13  2250   677     1    13   260
   14  2582   697     1    14   261
   15  2876   713     1    15   262
   16  2864   929     1    16   263
   17  2680   961     1    17   264
   18  2224   955     1    18   265
