point     x     y slice color    ID
    0  2986   851     1     0   342
    1  2772   989     1     1   343
    2  2610  1073     1     2   344
    3  2236  1193     1     3   345
    4  1960  1233     1     4   346
    5  1472  1255     1     5   347
    6   922  1167     1     6   348
    7   690  1167     1     7   349
    8   600  1145     1     8   350
    9   666  1081     1     9   351
   10   884  1013     1    10   352
   11  1232   829     1    11   353
   12  1956   667     1    12   354
   13  2198   659     1    13   355
   14  2504   691     1    14   356
   15  2856   727     1    15   357
   16  2780   919     1    16   358
   17  2602   929     1    17   359
   18  2174   911     1    18   360
