point     x     y slice color    ID
    0  2480   857     1     0   209
    1  2290  1005     1     1   210
    2  2138  1065     1     2   211
    3  1778  1213     1     3   212
    4  1562  1235     1     4   213
    5  1216  1269     1     5   214
    6   724  1199     1     6   215
    7   562  1183     1     7   216
    8   494  1143     1     8   217
    9   560  1103     1     9   218
   10   700  1059     1    10   219
   11  1014   899     1    11   220
   12  1548   749     1    12   221
   13  1756   733     1    13   222
   14  1994   733     1    14   223
   15  2312   737     1    15   224
   16  2300   913     1    16   225
   17  2122   921     1    17   226
   18  1748   969     1    18   227
