point     x     y slice color    ID
    0  2898   983     1     0   667
    1  2720  1076     1     1   668
    2  2555  1145     1     2   669
    3  2102  1228     1     3   670
    4  1815  1218     1     4   671
    5  1373  1162     1     5   672
    6   792  1016     1     6   673
    7   597   987     1     7   674
    8   518   944     1     8   675
    9   607   888     1     9   676
   10   769   881     1    10   677
   11  1168   726     1    11   678
   12  1901   689     1    12   679
   13  2126   699     1    13   680
   14  2446   772     1    14   681
   15  2769   838     1    15   682
   16  2720   997     1    16   683
   17  2542  1013     1    17   684
   18  2096   970     1    18   685
