point     x     y slice color    ID
    0  1187  2826     1     0   610
    1  1081  2653     1     1   611
    2  1014  2518     1     2   612
    3   876  2118     1     3   613
    4   840  1872     1     4   614
    5   822  1480     1     5   615
    6   927   961     1     6   616
    7   913   740     1     7   617
    8   932   663     1     8   618
    9   995   721     1     9   619
   10  1067   922     1    10   620
   11  1225  1230     1    11   621
   12  1379  1855     1    12   622
   13  1394  2086     1    13   623
   14  1336  2384     1    14   624
   15  1302  2716     1    15   625
   16  1139  2643     1    16   626
   17  1120  2490     1    17   627
   18  1100  2110     1    18   628
