point     x     y slice color    ID
    0  2832   855     1     0   629
    1  2670   970     1     1   630
    2  2522  1033     1     2   631
    3  2112  1145     1     3   632
    4  1871  1155     1     4   633
    5  1469  1115     1     5   634
    6  1010   990     1     6   635
    7   818   967     1     7   636
    8   726   937     1     8   637
    9   805   888     1     9   638
   10   967   858     1    10   639
   11  1277   736     1    11   640
   12  1901   696     1    12   641
   13  2116   689     1    13   642
   14  2410   713     1    14   643
   15  2697   746     1    15   644
   16  2664   907     1    16   645
   17  2525   914     1    17   646
   18  2093   927     1    18   647
