point     x     y slice color    ID
    0  2766   944     1     0   686
    1  2591  1049     1     1   687
    2  2429  1129     1     2   688
    3  2053  1241     1     3   689
    4  1795  1254     1     4   690
    5  1452  1251     1     5   691
    6   997  1125     1     6   692
    7   789  1069     1     7   693
    8   746  1013     1     8   694
    9   831   983     1     9   695
   10   954   993     1    10   696
   11  1327   884     1    11   697
   12  1838   802     1    12   698
   13  2046   789     1    13   699
   14  2314   792     1    14   700
   15  2611   802     1    15   701
   16  2588   990     1    16   702
   17  2410  1023     1    17   703
   18  2053  1046     1    18   704
