point     x     y slice color    ID
    0  1196  2788     1     0   591
    1  1081  2605     1     1   592
    2  1014  2446     1     2   593
    3   903  2052     1     3   594
    4   898  1841     1     4   595
    5   913  1509     1     5   596
    6   995  1047     1     6   597
    7  1014   817     1     7   598
    8  1057   759     1     8   599
    9  1105   817     1     9   600
   10  1148   985     1    10   601
   11  1283  1346     1    11   602
   12  1374  1860     1    12   603
   13  1379  2057     1    13   604
   14  1341  2321     1    14   605
   15  1321  2648     1    15   606
   16  1144  2595     1    16   607
   17  1120  2427     1    17   608
   18  1148  2071     1    18   609
