point     x     y slice color    ID
    0  1057  2841     1     0   553
    1   951  2648     1     1   554
    2   898  2504     1     2   555
    3   822  2038     1     3   556
    4   822  1783     1     4   557
    5   860  1451     1     5   558
    6  1052   947     1     6   559
    7  1115   769     1     7   560
    8  1187   711     1     8   561
    9  1211   812     1     9   562
   10  1187   951     1    10   563
   11  1288  1360     1    11   564
   12  1331  1865     1    12   565
   13  1317  2052     1    13   566
   14  1273  2360     1    14   567
   15  1196  2716     1    15   568
   16  1023  2653     1    16   569
   17  1028  2494     1    17   570
   18  1043  2071     1    18   571
