point     x     y slice color    ID
    0  2790   992     1     0   724
    1  2610  1088     1     1   725
    2  2406  1178     1     2   726
    3  1941  1259     1     3   727
    4  1698  1238     1     4   728
    5  1242  1181     1     5   729
    6   660  1028     1     6   730
    7   477  1064     1     7   731
    8   399  1055     1     8   732
    9   420   974     1     9   733
   10   648   884     1    10   734
   11  1023   761     1    11   735
   12  1749   722     1    12   736
   13  1953   725     1    13   737
   14  2289   773     1    14   738
   15  2649   833     1    15   739
   16  2592  1010     1    16   740
   17  2403  1034     1    17   741
   18  1950   968     1    18   742
