point     x     y slice color    ID
    0  2853   842     1     0   781
    1  2691   947     1     1   782
    2  2520  1013     1     2   783
    3  2097  1133     1     3   784
    4  1884  1130     1     4   785
    5  1449  1133     1     5   786
    6   948  1070     1     6   787
    7   741  1076     1     7   788
    8   687  1046     1     8   789
    9   753   974     1     9   790
   10   915   938     1    10   791
   11  1242   764     1    11   792
   12  1905   608     1    12   793
   13  2100   614     1    13   794
   14  2436   671     1    14   795
   15  2727   713     1    15   796
   16  2691   893     1    16   797
   17  2508   899     1    17   798
   18  2115   899     1    18   799
