point     x     y slice color    ID
    0  2928   993     1     0   399
    1  2716  1111     1     1   400
    2  2550  1165     1     2   401
    3  2182  1235     1     3   402
    4  1962  1229     1     4   403
    5  1604  1193     1     5   404
    6  1092  1101     1     6   405
    7   922  1093     1     7   406
    8   838  1057     1     8   407
    9   928  1009     1     9   408
   10  1086   977     1    10   409
   11  1480   855     1    11   410
   12  1970   795     1    12   411
   13  2158   783     1    13   412
   14  2442   813     1    14   413
   15  2812   857     1    15   414
   16  2714  1019     1    16   415
   17  2536  1029     1    17   416
   18  2130  1001     1    18   417
