point     x     y slice color    ID
    0  2679   977     1     0   819
    1  2517  1058     1     1   820
    2  2361  1103     1     2   821
    3  1929  1148     1     3   822
    4  1695  1124     1     4   823
    5  1374  1094     1     5   824
    6   873  1028     1     6   825
    7   702  1043     1     7   826
    8   630  1016     1     8   827
    9   675   962     1     9   828
   10   843   899     1    10   829
   11  1215   728     1    11   830
   12  1803   686     1    12   831
   13  1947   686     1    13   832
   14  2268   758     1    14   833
   15  2559   842     1    15   834
   16  2523   980     1    16   835
   17  2361   980     1    17   836
   18  1947   923     1    18   837
