point     x     y slice color    ID
    0  2616   881     1     0   762
    1  2481   983     1     1   763
    2  2331  1070     1     2   764
    3  1923  1220     1     3   765
    4  1659  1274     1     4   766
    5  1239  1304     1     5   767
    6   723  1268     1     6   768
    7   552  1301     1     7   769
    8   474  1289     1     8   770
    9   531  1211     1     9   771
   10   669  1136     1    10   772
   11   960   911     1    11   773
   12  1677   704     1    12   774
   13  1911   695     1    13   775
   14  2169   725     1    14   776
   15  2502   755     1    15   777
   16  2490   917     1    16   778
   17  2322   944     1    17   779
   18  1914   938     1    18   780
