point     x     y slice color    ID
    0  2814   908     1     0   857
    1  2649  1028     1     1   858
    2  2457  1121     1     2   859
    3  2076  1229     1     3   860
    4  1824  1241     1     4   861
    5  1437  1199     1     5   862
    6   891   998     1     6   863
    7   714   905     1     7   864
    8   657   839     1     8   865
    9   744   824     1     9   866
   10   894   866     1    10   867
   11  1287   791     1    11   868
   12  1887   773     1    12   869
   13  2085   755     1    13   870
   14  2409   779     1    14   871
   15  2667   788     1    15   872
   16  2649   974     1    16   873
   17  2454  1022     1    17   874
   18  2052  1025     1    18   875
