point     x     y slice color    ID
    0  2712   896     1     0   743
    1  2517   989     1     1   744
    2  2364  1058     1     2   745
    3  1977  1163     1     3   746
    4  1770  1169     1     4   747
    5  1440  1172     1     5   748
    6   936  1082     1     6   749
    7   741  1079     1     7   750
    8   684  1040     1     8   751
    9   741   992     1     9   752
   10   921   962     1    10   753
   11  1269   830     1    11   754
   12  1776   758     1    12   755
   13  1968   731     1    13   756
   14  2262   731     1    14   757
   15  2553   746     1    15   758
   16  2514   917     1    16   759
   17  2352   935     1    17   760
   18  1962   944     1    18   761
