point     x     y slice color    ID
    0  2745  1040     1     0   876
    1  2526  1133     1     1   877
    2  2367  1193     1     2   878
    3  1995  1283     1     3   879
    4  1743  1286     1     4   880
    5  1353  1265     1     5   881
    6   864  1106     1     6   882
    7   669  1076     1     7   883
    8   621  1025     1     8   884
    9   699   983     1     9   885
   10   834   971     1    10   886
   11  1263   833     1    11   887
   12  1809   782     1    12   888
   13  1956   797     1    13   889
   14  2316   842     1    14   890
   15  2598   896     1    15   891
   16  2535  1064     1    16   892
   17  2361  1070     1    17   893
   18  1977  1037     1    18   894
