point     x     y slice color    ID
    0  2808   818     1     0   914
    1  2586   923     1     1   915
    2  2415   980     1     2   916
    3  1980  1070     1     3   917
    4  1722  1052     1     4   918
    5  1353  1022     1     5   919
    6   837   980     1     6   920
    7   687  1055     1     7   921
    8   603  1073     1     8   922
    9   639   980     1     9   923
   10   783   860     1    10   924
   11  1182   644     1    11   925
   12  1773   572     1    12   926
   13  2004   575     1    13   927
   14  2268   587     1    14   928
   15  2658   653     1    15   929
   16  2592   845     1    16   930
   17  2406   866     1    17   931
   18  1974   836     1    18   932
