point     x     y slice color    ID
    0  2788  1055     1     0   418
    1  2548  1169     1     1   419
    2  2352  1233     1     2   420
    3  1944  1311     1     3   421
    4  1662  1327     1     4   422
    5  1324  1305     1     5   423
    6   762  1239     1     6   424
    7   564  1273     1     7   425
    8   474  1259     1     8   426
    9   526  1177     1     9   427
   10   668  1105     1    10   428
   11  1114   901     1    11   429
   12  1704   797     1    12   430
   13  1912   791     1    13   431
   14  2282   831     1    14   432
   15  2636   883     1    15   433
   16  2550  1095     1    16   434
   17  2342  1103     1    17   435
   18  1914  1075     1    18   436
