point     x     y slice color    ID
    0  2736  1155     1     0   456
    1  2554  1241     1     1   457
    2  2404  1285     1     2   458
    3  1996  1323     1     3   459
    4  1766  1303     1     4   460
    5  1416  1261     1     5   461
    6   934  1127     1     6   462
    7   766  1105     1     7   463
    8   708  1071     1     8   464
    9   768  1023     1     9   465
   10   940   995     1    10   466
   11  1328   883     1    11   467
   12  1872   861     1    12   468
   13  2004   879     1    13   469
   14  2320   947     1    14   470
   15  2614  1013     1    15   471
   16  2554  1173     1    16   472
   17  2402  1167     1    17   473
   18  2026  1101     1    18   474
