point     x     y slice color    ID
    0  1095  2549     1     0     1
    1  1029  2462     1     1     2
    2  1008  2366     1     2     3
    3   945  2030     1     3     4
    4   945  1835     1     4     5
    5   984  1523     1     5     6
    6  1065  1262     1     6     7
    7  1101  1121     1     7     8
    8  1140  1040     1     8     9
    9  1179  1148     1     9    10
   10  1179  1199     1    10    11
   11  1248  1457     1    11    12
   12  1305  1898     1    12    13
   13  1296  2036     1    13    14
   14  1281  2177     1    14    15
   15  1200  2519     1    15    16
   16  1086  2468     1    16    17
   17  1083  2345     1    17    18
   18  1116  2060     1    18    19
