point     x     y slice color    ID
    0  1210  1418     1     0    96
    1  1339  1328     1     1    97
    2  1504  1262     1     2    98
    3  1807  1205     1     3    99
    4  1993  1214     1     4   100
    5  2281  1232     1     5   101
    6  2665  1355     1     6   102
    7  2791  1382     1     7   103
    8  2839  1427     1     8   104
    9  2785  1448     1     9   105
   10  2665  1454     1    10   106
   11  2344  1529     1    11   107
   12  1963  1568     1    12   108
   13  1801  1565     1    13   109
   14  1543  1559     1    14   110
   15  1318  1523     1    15   111
   16  1348  1394     1    16   112
   17  1510  1388     1    17   113
   18  1834  1382     1    18   114
