point     x     y slice color    ID
    0  1270  1493     1     0    77
    1  1411  1409     1     1    78
    2  1570  1343     1     2    79
    3  1858  1274     1     3    80
    4  2047  1268     1     4    81
    5  2314  1283     1     5    82
    6  2680  1382     1     6    83
    7  2824  1397     1     7    84
    8  2884  1430     1     8    85
    9  2824  1460     1     9    86
   10  2707  1487     1    10    87
   11  2410  1589     1    11    88
   12  2002  1634     1    12    89
   13  1849  1631     1    13    90
   14  1654  1619     1    14    91
   15  1387  1595     1    15    92
   16  1414  1475     1    16    93
   17  1576  1463     1    17    94
   18  1879  1454     1    18    95
