point     x     y slice color    ID
    0  1260  1431     1     0   110
    1  1378  1377     1     1   111
    2  1532  1333     1     2   112
    3  1894  1283     1     3   113
    4  2124  1285     1     4   114
    5  2432  1319     1     5   115
    6  2892  1393     1     6   116
    7  3004  1387     1     7   117
    8  3076  1401     1     8   118
    9  3026  1447     1     9   119
   10  2910  1491     1    10   120
   11  2624  1645     1    11   121
   12  2022  1719     1    12   122
   13  1882  1695     1    13   123
   14  1574  1619     1    14   124
   15  1330  1551     1    15   125
   16  1378  1437     1    16   126
   17  1534  1435     1    17   127
   18  1862  1495     1    18   128
