point     x     y slice color    ID
    0   928  1553     1     0    20
    1  1096  1451     1     1    21
    2  1300  1391     1     2    22
    3  1723  1304     1     3    23
    4  2023  1316     1     4    24
    5  2437  1370     1     5    25
    6  2989  1547     1     6    26
    7  3217  1577     1     7    27
    8  3304  1625     1     8    28
    9  3196  1667     1     9    29
   10  3001  1688     1    10    30
   11  2569  1799     1    11    31
   12  1924  1799     1    12    32
   13  1705  1799     1    13    33
   14  1414  1763     1    14    34
   15  1039  1694     1    15    35
   16  1099  1520     1    16    36
   17  1300  1532     1    17    37
   18  1705  1550     1    18    38
