point     x     y slice color    ID
    0  1120  1523     1     0   115
    1  1303  1409     1     1   116
    2  1483  1358     1     2   117
    3  1855  1271     1     3   118
    4  2095  1259     1     4   119
    5  2431  1286     1     5   120
    6  2926  1421     1     6   121
    7  3112  1484     1     7   122
    8  3178  1532     1     8   123
    9  3094  1571     1     9   124
   10  2980  1565     1    10   125
   11  2638  1703     1    11   126
   12  2023  1811     1    12   127
   13  1840  1763     1    13   128
   14  1504  1685     1    14   129
   15  1237  1649     1    15   130
   16  1300  1493     1    16   131
   17  1486  1493     1    17   132
   18  1864  1535     1    18   133
