point     x     y slice color    ID
    0  1258  1463     1     0   134
    1  1396  1385     1     1   135
    2  1552  1331     1     2   136
    3  1831  1256     1     3   137
    4  2029  1244     1     4   138
    5  2293  1244     1     5   139
    6  2629  1301     1     6   140
    7  2773  1316     1     7   141
    8  2839  1346     1     8   142
    9  2773  1379     1     9   143
   10  2665  1406     1    10   144
   11  2398  1556     1    11   145
   12  1993  1631     1    12   146
   13  1816  1631     1    13   147
   14  1630  1616     1    14   148
   15  1366  1574     1    15   149
   16  1387  1460     1    16   150
   17  1543  1454     1    17   151
   18  1831  1442     1    18   152
