point     x     y slice color    ID
    0  1150  1298     1     0     1
    1  1348  1205     1     1     2
    2  1549  1166     1     2     3
    3  1915  1091     1     3     4
    4  2176  1103     1     4     5
    5  2566  1145     1     5     6
    6  3094  1226     1     6     7
    7  3256  1208     1     7     8
    8  3337  1238     1     8     9
    9  3280  1298     1     9    10
   10  3133  1355     1    10    11
   11  2788  1541     1    11    12
   12  2125  1643     1    12    13
   13  1870  1625     1    13    14
   14  1657  1559     1    14    15
   15  1255  1442     1    15    16
   16  1351  1283     1    16    17
   17  1543  1286     1    17    18
   18  1954  1349     1    18    19
