point     x     y slice color    ID
    0  1432  1382     1     0   210
    1  1585  1307     1     1   211
    2  1735  1259     1     2   212
    3  2050  1187     1     3   213
    4  2251  1166     1     4   214
    5  2518  1178     1     5   215
    6  2944  1265     1     6   216
    7  3076  1289     1     7   217
    8  3133  1328     1     8   218
    9  3088  1358     1     9   219
   10  2947  1379     1    10   220
   11  2629  1499     1    11   221
   12  2215  1562     1    12   222
   13  2017  1577     1    13   223
   14  1801  1571     1    14   224
   15  1537  1511     1    15   225
   16  1585  1364     1    16   226
   17  1747  1355     1    17   227
   18  2062  1370     1    18   228
