point     x     y slice color    ID
    0  1156  1430     1     0   286
    1  1309  1331     1     1   287
    2  1474  1259     1     2   288
    3  1780  1163     1     3   289
    4  2005  1154     1     4   290
    5  2245  1160     1     5   291
    6  2662  1256     1     6   292
    7  2821  1280     1     7   293
    8  2875  1316     1     8   294
    9  2803  1346     1     9   295
   10  2674  1367     1    10   296
   11  2347  1478     1    11   297
   12  1945  1538     1    12   298
   13  1789  1538     1    13   299
   14  1576  1535     1    14   300
   15  1288  1535     1    15   301
   16  1318  1385     1    16   302
   17  1477  1367     1    17   303
   18  1810  1331     1    18   304
