point     x     y slice color    ID
    0  1444  1478     1     0   191
    1  1597  1376     1     1   192
    2  1783  1304     1     2   193
    3  2056  1223     1     3   194
    4  2248  1220     1     4   195
    5  2521  1238     1     5   196
    6  2890  1394     1     6   197
    7  3016  1442     1     7   198
    8  3067  1490     1     8   199
    9  3004  1511     1     9   200
   10  2899  1496     1    10   201
   11  2596  1559     1    11   202
   12  2194  1613     1    12   203
   13  2026  1604     1    13   204
   14  1816  1604     1    14   205
   15  1564  1586     1    15   206
   16  1600  1439     1    16   207
   17  1777  1418     1    17   208
   18  2065  1400     1    18   209
