point     x     y slice color    ID
    0  1324  1400     1     0   172
    1  1447  1331     1     1   173
    2  1603  1277     1     2   174
    3  1909  1199     1     3   175
    4  2095  1211     1     4   176
    5  2329  1241     1     5   177
    6  2665  1358     1     6   178
    7  2791  1379     1     7   179
    8  2842  1412     1     8   180
    9  2788  1439     1     9   181
   10  2668  1451     1    10   182
   11  2413  1511     1    11   183
   12  2026  1541     1    12   184
   13  1891  1550     1    13   185
   14  1735  1550     1    14   186
   15  1426  1508     1    15   187
   16  1459  1382     1    16   188
   17  1606  1376     1    17   189
   18  1885  1367     1    18   190
