point     x     y slice color    ID
    0  1138  1406     1     0   324
    1  1303  1295     1     1   325
    2  1489  1217     1     2   326
    3  1861  1121     1     3   327
    4  2083  1133     1     4   328
    5  2386  1148     1     5   329
    6  2887  1238     1     6   330
    7  3031  1238     1     7   331
    8  3109  1262     1     8   332
    9  3055  1319     1     9   333
   10  2890  1376     1    10   334
   11  2530  1490     1    11   335
   12  2026  1565     1    12   336
   13  1852  1559     1    13   337
   14  1582  1562     1    14   338
   15  1279  1526     1    15   339
   16  1318  1364     1    16   340
   17  1510  1343     1    17   341
   18  1885  1343     1    18   342
