point     x     y slice color    ID
    0   865  1493     1     0   248
    1  1057  1388     1     1   249
    2  1252  1328     1     2   250
    3  1624  1208     1     3   251
    4  1891  1193     1     4   252
    5  2305  1211     1     5   253
    6  2902  1448     1     6   254
    7  3067  1514     1     7   255
    8  3127  1577     1     8   256
    9  3028  1598     1     9   257
   10  2890  1583     1    10   258
   11  2515  1664     1    11   259
   12  1834  1745     1    12   260
   13  1606  1739     1    13   261
   14  1297  1688     1    14   262
   15   991  1634     1    15   263
   16  1060  1466     1    16   264
   17  1252  1460     1    17   265
   18  1654  1487     1    18   266
