point     x     y slice color    ID
    0  1288  1418     1     0   267
    1  1408  1355     1     1   268
    2  1570  1310     1     2   269
    3  1840  1226     1     3   270
    4  1996  1232     1     4   271
    5  2254  1244     1     5   272
    6  2587  1304     1     6   273
    7  2698  1316     1     7   274
    8  2761  1343     1     8   275
    9  2716  1370     1     9   276
   10  2611  1406     1    10   277
   11  2353  1520     1    11   278
   12  1978  1574     1    12   279
   13  1825  1574     1    13   280
   14  1645  1562     1    14   281
   15  1393  1526     1    15   282
   16  1405  1421     1    16   283
   17  1555  1421     1    17   284
   18  1834  1427     1    18   285
