point     x     y slice color    ID
    0  1239  1388     1     0    20
    1  1383  1316     1     1    21
    2  1517  1272     1     2    22
    3  1839  1208     1     3    23
    4  2051  1210     1     4    24
    5  2305  1216     1     5    25
    6  2671  1296     1     6    26
    7  2773  1290     1     7    27
    8  2839  1314     1     8    28
    9  2789  1358     1     9    29
   10  2671  1396     1    10    30
   11  2413  1518     1    11    31
   12  1989  1584     1    12    32
   13  1823  1582     1    13    33
   14  1565  1568     1    14    34
   15  1321  1502     1    15    35
   16  1383  1380     1    16    36
   17  1525  1380     1    17    37
   18  1845  1382     1    18    38
