point     x     y slice color    ID
    0  1264  1376     1     0   381
    1  1381  1328     1     1   382
    2  1519  1292     1     2   383
    3  1840  1217     1     3   384
    4  2047  1217     1     4   385
    5  2359  1244     1     5   386
    6  2737  1337     1     6   387
    7  2872  1340     1     7   388
    8  2941  1349     1     8   389
    9  2896  1382     1     9   390
   10  2752  1421     1    10   391
   11  2461  1526     1    11   392
   12  1966  1580     1    12   393
   13  1813  1571     1    13   394
   14  1594  1553     1    14   395
   15  1342  1493     1    15   396
   16  1375  1391     1    16   397
   17  1519  1397     1    17   398
   18  1825  1394     1    18   399
