point     x     y slice color    ID
    0  1259  1406     1     0    39
    1  1401  1320     1     1    40
    2  1561  1274     1     2    41
    3  1799  1224     1     3    42
    4  1973  1212     1     4    43
    5  2229  1232     1     5    44
    6  2575  1340     1     6    45
    7  2715  1384     1     7    46
    8  2771  1418     1     8    47
    9  2709  1436     1     9    48
   10  2581  1430     1    10    49
   11  2317  1502     1    11    50
   12  1953  1558     1    12    51
   13  1799  1544     1    13    52
   14  1661  1530     1    14    53
   15  1359  1512     1    15    54
   16  1405  1376     1    16    55
   17  1561  1366     1    17    56
   18  1853  1364     1    18    57
