point     x     y slice color    ID
    0  1141  1428     1     0     1
    1  1255  1348     1     1     2
    2  1399  1282     1     2     3
    3  1691  1190     1     3     4
    4  1871  1180     1     4     5
    5  2183  1188     1     5     6
    6  2521  1284     1     6     7
    7  2713  1318     1     7     8
    8  2753  1350     1     8     9
    9  2709  1370     1     9    10
   10  2545  1374     1    10    11
   11  2321  1470     1    11    12
   12  1847  1542     1    12    13
   13  1683  1546     1    13    14
   14  1465  1542     1    14    15
   15  1231  1512     1    15    16
   16  1255  1392     1    16    17
   17  1403  1388     1    17    18
   18  1689  1374     1    18    19
