point     x     y slice color    ID
    0  1421  1414     1     0   115
    1  1569  1324     1     1   116
    2  1713  1276     1     2   117
    3  2027  1206     1     3   118
    4  2221  1212     1     4   119
    5  2471  1228     1     5   120
    6  2837  1320     1     6   121
    7  2989  1334     1     7   122
    8  3033  1360     1     8   123
    9  2987  1386     1     9   124
   10  2845  1402     1    10   125
   11  2553  1514     1    11   126
   12  2151  1572     1    12   127
   13  2007  1568     1    13   128
   14  1833  1562     1    14   129
   15  1531  1524     1    15   130
   16  1565  1392     1    16   131
   17  1721  1400     1    17   132
   18  2029  1398     1    18   133
