point     x     y slice color    ID
    0  1006  1499     1     0   362
    1  1153  1412     1     1   363
    2  1303  1361     1     2   364
    3  1633  1289     1     3   365
    4  1828  1298     1     4   366
    5  2098  1325     1     5   367
    6  2509  1424     1     6   368
    7  2653  1430     1     7   369
    8  2716  1448     1     8   370
    9  2662  1493     1     9   371
   10  2521  1529     1    10   372
   11  2191  1643     1    11   373
   12  1768  1688     1    12   374
   13  1609  1676     1    13   375
   14  1363  1649     1    14   376
   15  1111  1604     1    15   377
   16  1156  1472     1    16   378
   17  1312  1463     1    17   379
   18  1609  1445     1    18   380
