point     x     y slice color    ID
    0  1454  1380     1     0     1
    1  1620  1292     1     1     2
    2  1764  1254     1     2     3
    3  2074  1190     1     3     4
    4  2260  1194     1     4     5
    5  2510  1208     1     5     6
    6  2926  1366     1     8     9
    7  3038  1372     1     9    10
    8  3104  1406     1    10    11
    9  3038  1440     1    11    12
   10  2894  1452     1    12    13
   11  2588  1530     1    13    14
   12  2206  1580     1    14    15
   13  2036  1568     1    15    16
   14  1858  1556     1    16    17
   15  1560  1508     1    17    18
   16  1612  1356     1    18    19
   17  1764  1356     1    19    20
   18  2074  1366     1    20    21
