point     x     y slice color    ID
    0  1399  1504     1     0    58
    1  1541  1446     1     1    59
    2  1705  1398     1     2    60
    3  2033  1326     1     3    61
    4  2255  1328     1     4    62
    5  2587  1370     1     5    63
    6  2989  1478     1     6    64
    7  3141  1480     1     7    65
    8  3199  1514     1     8    66
    9  3131  1550     1     9    67
   10  2997  1578     1    10    68
   11  2679  1670     1    11    69
   12  2173  1696     1    12    70
   13  2017  1706     1    13    71
   14  1779  1688     1    14    72
   15  1491  1622     1    15    73
   16  1543  1512     1    16    74
   17  1697  1518     1    17    75
   18  1999  1522     1    18    76
