point     x     y slice color    ID
    0  1183  1442     1     0    77
    1  1337  1348     1     1    78
    2  1485  1286     1     2    79
    3  1783  1202     1     3    80
    4  1977  1192     1     4    81
    5  2231  1206     1     5    82
    6  2593  1350     1     6    83
    7  2719  1382     1     7    84
    8  2779  1426     1     8    85
    9  2703  1442     1     9    86
   10  2593  1452     1    10    87
   11  2309  1532     1    11    88
   12  1941  1592     1    12    89
   13  1775  1584     1    13    90
   14  1669  1586     1    14    91
   15  1301  1564     1    15    92
   16  1341  1428     1    16    93
   17  1501  1418     1    17    94
   18  1789  1400     1    18    95
