point     x     y slice color    ID
    0   844  1551     1     0    75
    1  1012  1459     1     1    76
    2  1180  1391     1     2    77
    3  1626  1289     1     3    78
    4  1884  1277     1     4    79
    5  2296  1285     1     5    80
    6  2826  1335     1     6    81
    7  3010  1331     1     7    82
    8  3080  1355     1     8    83
    9  3026  1415     1     9    84
   10  2848  1479     1    10    85
   11  2538  1661     1    11    86
   12  1834  1811     1    12    87
   13  1606  1809     1    13    88
   14  1242  1741     1    14    89
   15   948  1677     1    15    90
   16  1010  1517     1    16    91
   17  1186  1517     1    17    92
   18  1608  1547     1    18    93
