point     x     y slice color    ID
    0  1247  1575     1     0    56
    1  1405  1483     1     1    57
    2  1559  1429     1     2    58
    3  1811  1363     1     3    59
    4  1965  1363     1     4    60
    5  2229  1379     1     5    61
    6  2597  1469     1     6    62
    7  2741  1465     1     7    63
    8  2783  1495     1     8    64
    9  2751  1525     1     9    65
   10  2625  1555     1    10    66
   11  2331  1657     1    11    67
   12  1953  1715     1    12    68
   13  1799  1713     1    13    69
   14  1593  1709     1    14    70
   15  1363  1695     1    15    71
   16  1395  1553     1    16    72
   17  1557  1553     1    17    73
   18  1825  1535     1    18    74
