point     x     y slice color    ID
    0  1280  1437     1     0    94
    1  1464  1347     1     1    95
    2  1616  1293     1     2    96
    3  1938  1217     1     3    97
    4  2136  1211     1     4    98
    5  2402  1237     1     5    99
    6  2794  1363     1     6   100
    7  2926  1379     1     7   101
    8  2966  1413     1     8   102
    9  2914  1449     1     9   103
   10  2816  1457     1    10   104
   11  2470  1571     1    11   105
   12  2072  1613     1    12   106
   13  1896  1607     1    13   107
   14  1710  1593     1    14   108
   15  1394  1561     1    15   109
   16  1462  1421     1    16   110
   17  1624  1415     1    17   111
   18  1932  1421     1    18   112
