point     x     y slice color    ID
    0  1168  1401     1     0   171
    1  1306  1333     1     1   172
    2  1460  1287     1     2   173
    3  1782  1229     1     3   174
    4  1984  1243     1     4   175
    5  2258  1259     1     5   176
    6  2696  1343     1     6   177
    7  2814  1325     1     7   178
    8  2876  1349     1     8   179
    9  2824  1395     1     9   180
   10  2710  1423     1    10   181
   11  2364  1565     1    11   182
   12  1928  1613     1    12   183
   13  1756  1599     1    13   184
   14  1560  1591     1    14   185
   15  1270  1539     1    15   186
   16  1306  1397     1    16   187
   17  1468  1395     1    17   188
   18  1792  1409     1    18   189
