point     x     y slice color    ID
    0   922  1489     1     0     1
    1  1078  1384     1     1     2
    2  1249  1303     1     2     3
    3  1651  1180     1     3     4
    4  1936  1165     1     4     5
    5  2347  1183     1     5     6
    6  2905  1282     1     6     7
    7  3067  1288     1     7     8
    8  3148  1327     1     8     9
    9  3064  1369     1     9    10
   10  2929  1396     1    10    11
   11  2569  1555     1    11    12
   12  1858  1705     1    12    13
   13  1339  1630     1    13    14
   14  1045  1606     1    14    15
   15  1090  1441     1    15    16
   16  1267  1432     1    16    17
   17  1657  1438     1    17    18
