point     x     y slice color    ID
    0  1546  1432     1     0    19
    1  1653  1353     1     1    20
    2  1791  1305     1     2    21
    3  2069  1213     1     3    22
    4  2245  1199     1     4    23
    5  2525  1213     1     5    24
    6  2867  1331     1     6    25
    7  2989  1367     1     7    26
    8  3025  1393     1     8    27
    9  2981  1421     1     9    28
   10  2875  1429     1    10    29
   11  2613  1505     1    11    30
   12  2197  1585     1    12    31
   13  2049  1569     1    13    32
   14  1833  1555     1    14    33
   15  1609  1519     1    15    34
   16  1659  1415     1    16    35
   17  1803  1411     1    17    36
   18  2053  1409     1    18    37
