point     x     y slice color    ID
    0  1301  1537     1     0    38
    1  1453  1431     1     1    39
    2  1631  1361     1     2    40
    3  1929  1287     1     3    41
    4  2135  1277     1     4    42
    5  2415  1289     1     5    43
    6  2871  1455     1     6    44
    7  3007  1485     1     7    45
    8  3045  1519     1     8    46
    9  2989  1543     1     9    47
   10  2857  1547     1    10    48
   11  2579  1633     1    11    49
   12  2115  1691     1    12    50
   13  1909  1687     1    13    51
   14  1689  1665     1    14    52
   15  1405  1641     1    15    53
   16  1457  1513     1    16    54
   17  1629  1523     1    17    55
