point     x     y slice color    ID
    0  1410  1411     1     0   152
    1  1538  1339     1     1   153
    2  1680  1291     1     2   154
    3  1988  1213     1     3   155
    4  2182  1203     1     4   156
    5  2492  1229     1     5   157
    6  2876  1381     1     6   158
    7  3000  1429     1     7   159
    8  3064  1467     1     8   160
    9  2998  1485     1     9   161
   10  2898  1477     1    10   162
   11  2634  1549     1    11   163
   12  2140  1601     1    12   164
   13  1960  1577     1    13   165
   14  1752  1555     1    14   166
   15  1498  1511     1    15   167
   16  1540  1395     1    16   168
   17  1696  1399     1    17   169
   18  1978  1407     1    18   170
