point     x     y slice color    ID
    0  1306  1501     1     0   247
    1  1448  1423     1     1   248
    2  1582  1381     1     2   249
    3  1866  1319     1     3   250
    4  2026  1331     1     4   251
    5  2262  1335     1     5   252
    6  2598  1403     1     6   253
    7  2736  1409     1     7   254
    8  2784  1429     1     8   255
    9  2732  1465     1     9   256
   10  2600  1491     1    10   257
   11  2342  1601     1    11   258
   12  1974  1655     1    12   259
   13  1842  1643     1    13   260
   14  1660  1645     1    14   261
   15  1412  1601     1    15   262
   16  1444  1481     1    16   263
   17  1594  1469     1    17   264
   18  1864  1487     1    18   265
