point     x     y slice color    ID
    0  1052  1509     1     0   285
    1  1160  1443     1     1   286
    2  1312  1391     1     2   287
    3  1630  1311     1     3   288
    4  1818  1311     1     4   289
    5  2142  1327     1     5   290
    6  2488  1431     1     6   291
    7  2640  1471     1     7   292
    8  2692  1497     1     8   293
    9  2640  1521     1     9   294
   10  2532  1527     1    10   295
   11  2286  1631     1    11   296
   12  1772  1715     1    12   297
   13  1626  1701     1    13   298
   14  1362  1659     1    14   299
   15  1142  1617     1    15   300
   16  1164  1493     1    16   301
   17  1306  1481     1    17   302
   18  1604  1501     1    18   303
