point     x     y slice color    ID
    0  1544  1331     1     0   209
    1  1672  1269     1     1   210
    2  1814  1229     1     2   211
    3  2096  1155     1     3   212
    4  2292  1149     1     4   213
    5  2582  1159     1     5   214
    6  2940  1253     1     6   215
    7  3080  1249     1     7   216
    8  3138  1269     1     8   217
    9  3076  1309     1     9   218
   10  2954  1335     1    10   219
   11  2716  1453     1    11   220
   12  2230  1555     1    12   221
   13  2082  1533     1    13   222
   14  1850  1477     1    14   223
   15  1630  1427     1    15   224
   16  1668  1335     1    16   225
   17  1820  1329     1    17   226
   18  2094  1351     1    18   227
