point     x     y slice color    ID
    0   948  1373     1     0   228
    1  1122  1299     1     1   229
    2  1306  1263     1     2   230
    3  1716  1189     1     3   231
    4  1972  1181     1     4   232
    5  2362  1183     1     5   233
    6  2902  1233     1     6   234
    7  3060  1229     1     7   235
    8  3150  1269     1     8   236
    9  3082  1311     1     9   237
   10  2938  1359     1    10   238
   11  2630  1575     1    11   239
   12  1934  1721     1    12   240
   13  1702  1699     1    13   241
   14  1362  1625     1    14   242
   15  1048  1525     1    15   243
   16  1126  1369     1    16   244
   17  1312  1365     1    17   245
   18  1734  1427     1    18   246
