point     x     y slice color    ID
    0  1200  1535     1     0   266
    1  1330  1469     1     1   267
    2  1486  1399     1     2   268
    3  1814  1313     1     3   269
    4  2046  1299     1     4   270
    5  2402  1323     1     5   271
    6  2820  1423     1     6   272
    7  2938  1421     1     7   273
    8  3000  1445     1     8   274
    9  2946  1481     1     9   275
   10  2826  1521     1    10   276
   11  2540  1673     1    11   277
   12  1984  1767     1    12   278
   13  1806  1741     1    13   279
   14  1568  1681     1    14   280
   15  1290  1639     1    15   281
   16  1332  1519     1    16   282
   17  1482  1519     1    17   283
   18  1800  1541     1    18   284
