point     x     y slice color    ID
    0  1243  1620     1     0   342
    1  1387  1532     1     1   343
    2  1561  1450     1     2   344
    3  1947  1346     1     3   345
    4  2231  1318     1     4   346
    5  2639  1316     1     5   347
    6  3193  1438     1     6   348
    7  3319  1460     1     7   349
    8  3395  1504     1     8   350
    9  3329  1550     1     9   351
   10  3181  1576     1    10   352
   11  2817  1732     1    11   353
   12  2161  1856     1    12   354
   13  1951  1846     1    13   355
   14  1645  1792     1    14   356
   15  1371  1742     1    15   357
   16  1395  1604     1    16   358
   17  1565  1608     1    17   359
   18  1971  1614     1    18   360
