point     x     y slice color    ID
    0  1403  1490     1     0   361
    1  1533  1394     1     1   362
    2  1689  1326     1     2   363
    3  1959  1246     1     3   364
    4  2143  1230     1     4   365
    5  2439  1246     1     5   366
    6  2819  1362     1     6   367
    7  2947  1396     1     7   368
    8  2997  1432     1     8   369
    9  2949  1444     1     9   370
   10  2825  1448     1    10   371
   11  2565  1530     1    11   372
   12  2095  1610     1    12   373
   13  1955  1610     1    13   374
   14  1791  1600     1    14   375
   15  1503  1592     1    15   376
   16  1535  1472     1    16   377
   17  1693  1464     1    17   378
   18  1971  1446     1    18   379
