point     x     y slice color    ID
    0  1268  1463     1     0   323
    1  1388  1403     1     1   324
    2  1534  1349     1     2   325
    3  1834  1259     1     3   326
    4  2056  1239     1     4   327
    5  2348  1247     1     5   328
    6  2706  1375     1     6   329
    7  2838  1407     1     7   330
    8  2890  1445     1     8   331
    9  2828  1473     1     9   332
   10  2704  1469     1    10   333
   11  2476  1563     1    11   334
   12  2008  1661     1    12   335
   13  1832  1657     1    13   336
   14  1604  1629     1    14   337
   15  1346  1573     1    15   338
   16  1386  1463     1    16   339
   17  1544  1459     1    17   340
   18  1834  1469     1    18   341
