point     x     y slice color    ID
    0  1527  1322     1     0   380
    1  1655  1240     1     1   381
    2  1789  1190     1     2   382
    3  2075  1122     1     3   383
    4  2247  1116     1     4   384
    5  2491  1124     1     5   385
    6  2841  1222     1     6   386
    7  2955  1250     1     7   387
    8  2999  1278     1     8   388
    9  2959  1304     1     9   389
   10  2861  1314     1    10   390
   11  2567  1398     1    11   391
   12  2193  1468     1    12   392
   13  2075  1460     1    13   393
   14  1881  1456     1    14   394
   15  1625  1418     1    15   395
   16  1659  1314     1    16   396
   17  1805  1308     1    17   397
   18  2061  1314     1    18   398
