point     x     y slice color    ID
    0  1315  1452     1     0   399
    1  1469  1374     1     1   400
    2  1635  1310     1     2   401
    3  1999  1236     1     3   402
    4  2211  1238     1     4   403
    5  2511  1286     1     5   404
    6  2923  1418     1     6   405
    7  3067  1438     1     7   406
    8  3113  1480     1     8   407
    9  3045  1512     1     9   408
   10  2907  1530     1    10   409
   11  2555  1610     1    11   410
   12  2117  1644     1    12   411
   13  1959  1622     1    13   412
   14  1715  1610     1    14   413
   15  1433  1578     1    15   414
   16  1475  1426     1    16   415
   17  1641  1422     1    17   416
   18  1969  1440     1    18   417
