point     x     y slice color    ID
    0  1119  1344     1     0   513
    1  1251  1264     1     1   514
    2  1413  1204     1     2   515
    3  1727  1126     1     3   516
    4  1935  1126     1     4   517
    5  2241  1144     1     5   518
    6  2643  1246     1     6   519
    7  2791  1246     1     7   520
    8  2833  1280     1     8   521
    9  2791  1318     1     9   522
   10  2665  1348     1    10   523
   11  2419  1480     1    11   524
   12  1879  1584     1    12   525
   13  1707  1552     1    13   526
   14  1489  1506     1    14   527
   15  1209  1452     1    15   528
   16  1255  1328     1    16   529
   17  1413  1328     1    17   530
   18  1729  1352     1    18   531
