point     x     y slice color    ID
    0  1239  1482     1     0   532
    1  1407  1386     1     1   533
    2  1589  1324     1     2   534
    3  1997  1244     1     3   535
    4  2251  1218     1     4   536
    5  2639  1214     1     5   537
    6  3199  1350     1     6   538
    7  3347  1374     1     7   539
    8  3411  1414     1     8   540
    9  3351  1456     1     9   541
   10  3185  1484     1    10   542
   11  2825  1620     1    11   543
   12  2169  1728     1    12   544
   13  1959  1720     1    13   545
   14  1651  1662     1    14   546
   15  1355  1610     1    15   547
   16  1421  1448     1    16   548
   17  1599  1444     1    17   549
   18  2011  1462     1    18   550
