point     x     y slice color    ID
    0  1041  1464     1     0   551
    1  1189  1372     1     1   552
    2  1363  1300     1     2   553
    3  1765  1180     1     3   554
    4  2055  1172     1     4   555
    5  2459  1212     1     5   556
    6  3013  1424     1     6   557
    7  3195  1482     1     7   558
    8  3241  1534     1     8   559
    9  3165  1558     1     9   560
   10  3017  1560     1    10   561
   11  2619  1644     1    11   562
   12  1947  1672     1    12   563
   13  1729  1668     1    13   564
   14  1421  1620     1    14   565
   15  1139  1574     1    15   566
   16  1197  1436     1    16   567
   17  1365  1432     1    17   568
   18  1763  1432     1    18   569
