point     x     y slice color    ID
    0  1042  1402     1     0   626
    1  1207  1303     1     1   627
    2  1381  1249     1     2   628
    3  1816  1159     1     3   629
    4  2056  1171     1     4   630
    5  2398  1201     1     5   631
    6  2890  1336     1     6   632
    7  3055  1357     1     7   633
    8  3121  1402     1     8   634
    9  3067  1438     1     9   635
   10  2911  1462     1    10   636
   11  2530  1588     1    11   637
   12  1993  1657     1    12   638
   13  1792  1645     1    13   639
   14  1498  1612     1    14   640
   15  1195  1555     1    15   641
   16  1219  1381     1    16   642
   17  1390  1390     1    17   643
   18  1792  1408     1    18   644
