point     x     y slice color    ID
    0  1100  1452     1     0    20
    1  1289  1368     1     1    21
    2  1470  1307     1     2    22
    3  1958  1214     1     3    23
    4  2258  1206     1     4    24
    5  2671  1245     1     5    25
    6  3288  1364     1     6    26
    7  3517  1351     1     7    27
    8  3605  1386     1     8    28
    9  3539  1452     1     9    29
   10  3341  1505     1    10    30
   11  2896  1685     1    11    31
   12  2161  1791     1    12    32
   13  1914  1787     1    13    33
   14  1567  1690     1    14    34
   15  1241  1615     1    15    35
   16  1280  1452     1    16    36
   17  1470  1452     1    17    37
   18  1941  1492     1    18    38
