point     x     y slice color    ID
    0  1111  1327     1     0   645
    1  1273  1234     1     1   646
    2  1435  1186     1     2   647
    3  1834  1123     1     3   648
    4  2074  1129     1     4   649
    5  2401  1153     1     5   650
    6  2875  1297     1     6   651
    7  3010  1318     1     7   652
    8  3091  1357     1     8   653
    9  3001  1399     1     9   654
   10  2878  1423     1    10   655
   11  2533  1552     1    11   656
   12  2005  1603     1    12   657
   13  1807  1591     1    13   658
   14  1495  1525     1    14   659
   15  1237  1468     1    15   660
   16  1279  1318     1    16   661
   17  1441  1315     1    17   662
   18  1810  1360     1    18   663
