point     x     y slice color    ID
    0  1285  1384     1     0   531
    1  1402  1300     1     1   532
    2  1543  1261     1     2   533
    3  1849  1198     1     3   534
    4  2026  1192     1     4   535
    5  2284  1198     1     5   536
    6  2653  1303     1     6   537
    7  2755  1351     1     7   538
    8  2800  1387     1     8   539
    9  2743  1399     1     9   540
   10  2653  1387     1    10   541
   11  2416  1453     1    11   542
   12  1966  1549     1    12   543
   13  1819  1534     1    13   544
   14  1624  1513     1    14   545
   15  1375  1474     1    15   546
   16  1405  1369     1    16   547
   17  1552  1369     1    17   548
   18  1846  1384     1    18   549
