point     x     y slice color    ID
    0   601  1381     1     0   418
    1   814  1273     1     1   419
    2  1000  1219     1     2   420
    3  1417  1144     1     3   421
    4  1690  1147     1     4   422
    5  2107  1186     1     5   423
    6  2680  1306     1     6   424
    7  2881  1285     1     7   425
    8  2950  1309     1     8   426
    9  2881  1369     1     9   427
   10  2704  1432     1    10   428
   11  2371  1600     1    11   429
   12  1621  1684     1    12   430
   13  1393  1657     1    13   431
   14  1075  1594     1    14   432
   15   724  1528     1    15   433
   16   820  1369     1    16   434
   17  1000  1375     1    17   435
   18  1447  1414     1    18   436
