point     x     y slice color    ID
    0   778  1441     1     0    96
    1   946  1360     1     1    97
    2  1102  1306     1     2    98
    3  1531  1195     1     3    99
    4  1810  1201     1     4   100
    5  2200  1240     1     5   101
    6  2713  1396     1     6   102
    7  2884  1408     1     7   103
    8  2953  1453     1     8   104
    9  2887  1504     1     9   105
   10  2725  1522     1    10   106
   11  2335  1675     1    11   107
   12  1711  1711     1    12   108
   13  1492  1699     1    13   109
   14  1177  1651     1    14   110
   15   880  1585     1    15   111
   16   946  1432     1    16   112
   17  1117  1426     1    17   113
   18  1537  1450     1    18   114
