point     x     y slice color    ID
    0  1030  1528     1     0   607
    1  1207  1438     1     1   608
    2  1387  1381     1     2   609
    3  1789  1306     1     3   610
    4  2059  1309     1     4   611
    5  2440  1336     1     5   612
    6  3019  1447     1     6   613
    7  3184  1456     1     7   614
    8  3256  1504     1     8   615
    9  3172  1546     1     9   616
   10  3025  1576     1    10   617
   11  2650  1714     1    11   618
   12  1978  1813     1    12   619
   13  1741  1789     1    13   620
   14  1438  1729     1    14   621
   15  1132  1654     1    15   622
   16  1207  1492     1    16   623
   17  1396  1489     1    17   624
   18  1813  1513     1    18   625
