point     x     y slice color    ID
    0   922  1438     1     0   305
    1  1111  1348     1     1   306
    2  1282  1282     1     2   307
    3  1675  1204     1     3   308
    4  1915  1213     1     4   309
    5  2248  1228     1     5   310
    6  2746  1303     1     6   311
    7  2896  1306     1     7   312
    8  2962  1348     1     8   313
    9  2896  1396     1     9   314
   10  2761  1435     1    10   315
   11  2401  1594     1    11   316
   12  1846  1672     1    12   317
   13  1654  1675     1    13   318
   14  1327  1639     1    14   319
   15  1042  1582     1    15   320
   16  1114  1417     1    16   321
   17  1279  1414     1    17   322
   18  1684  1438     1    18   323
