point     x     y slice color    ID
    0   916  1246     1     0   456
    1  1123  1159     1     1   457
    2  1306  1114     1     2   458
    3  1705  1039     1     3   459
    4  1927  1060     1     4   460
    5  2242  1105     1     5   461
    6  2734  1243     1     6   462
    7  2830  1225     1     7   463
    8  2887  1252     1     8   464
    9  2851  1318     1     9   465
   10  2749  1369     1    10   466
   11  2365  1516     1    11   467
   12  1834  1534     1    12   468
   13  1672  1534     1    13   469
   14  1339  1462     1    14   470
   15  1057  1399     1    15   471
   16  1120  1219     1    16   472
   17  1315  1225     1    17   473
   18  1675  1270     1    18   474
