point     x     y slice color    ID
    0   772  1438     1     0   493
    1   964  1333     1     1   494
    2  1156  1237     1     2   495
    3  1543  1156     1     3   496
    4  1804  1180     1     4   497
    5  2143  1225     1     5   498
    6  2623  1372     1     6   499
    7  2809  1420     1     7   500
    8  2908  1459     1     8   501
    9  2815  1498     1     9   502
   10  2662  1516     1    10   503
   11  2248  1597     1    11   504
   12  1717  1630     1    12   505
   13  1507  1636     1    13   506
   14  1204  1609     1    14   507
   15   937  1579     1    15   508
   16   973  1408     1    16   509
   17  1162  1402     1    17   510
   18  1591  1396     1    18   511
