point     x     y slice color    ID
    0  1138  1423     1     0    58
    1  1321  1321     1     1    59
    2  1483  1261     1     2    60
    3  1879  1189     1     3    61
    4  2122  1210     1     4    62
    5  2446  1237     1     5    63
    6  2953  1357     1     6    64
    7  3073  1354     1     7    65
    8  3157  1384     1     8    66
    9  3088  1438     1     9    67
   10  2944  1483     1    10    68
   11  2530  1615     1    11    69
   12  2032  1669     1    12    70
   13  1825  1660     1    13    71
   14  1564  1615     1    14    72
   15  1276  1558     1    15    73
   16  1324  1393     1    16    74
   17  1492  1402     1    17    75
   18  1852  1450     1    18    76
