point     x     y slice color    ID
    0   862  1363     1     0   475
    1  1081  1252     1     1   476
    2  1285  1180     1     2   477
    3  1660  1084     1     3   478
    4  1927  1096     1     4   479
    5  2284  1126     1     5   480
    6  2785  1279     1     6   481
    7  2818  1342     1     7   482
    8  2899  1357     1     8   483
    9  2839  1450     1     9   484
   10  2728  1441     1    10   485
   11  2404  1528     1    11   486
   12  1837  1603     1    12   487
   13  1378  1567     1    13   488
   14  1009  1513     1    14   489
   15  1090  1327     1    15   490
   16  1291  1324     1    16   491
   17  1714  1327     1    17   492
