point     x     y slice color    ID
    0   862  1396     1     0    77
    1  1030  1291     1     1    78
    2  1198  1216     1     2    79
    3  1597  1114     1     3    80
    4  1843  1111     1     4    81
    5  2227  1156     1     5    82
    6  2764  1360     1     6    83
    7  2908  1408     1     7    84
    8  2980  1471     1     8    85
    9  2890  1498     1     9    86
   10  2749  1492     1    10    87
   11  2329  1573     1    11    88
   12  1777  1615     1    12    89
   13  1558  1621     1    13    90
   14  1288  1567     1    14    91
   15   979  1534     1    15    92
   16  1030  1363     1    16    93
   17  1198  1345     1    17    94
   18  1606  1336     1    18    95
