point     x     y slice color    ID
    0   670  1630     1     0   191
    1   841  1510     1     1   192
    2  1057  1408     1     2   193
    3  1498  1294     1     3   194
    4  1744  1291     1     4   195
    5  2203  1297     1     5   196
    6  2791  1432     1     6   197
    7  2965  1480     1     7   198
    8  3052  1528     1     8   199
    9  2956  1573     1     9   200
   10  2824  1579     1    10   201
   11  2443  1759     1    11   202
   12  1738  1879     1    12   203
   13  1432  1861     1    13   204
   14  1147  1810     1    14   205
   15   802  1753     1    15   206
   16   850  1579     1    16   207
   17  1054  1570     1    17   208
   18  1522  1588     1    18   209
