point     x     y slice color    ID
    0   781  1414     1     0   399
    1   973  1285     1     1   400
    2  1147  1201     1     2   401
    3  1537  1096     1     3   402
    4  1792  1108     1     4   403
    5  2125  1129     1     5   404
    6  2614  1246     1     6   405
    7  2782  1270     1     7   406
    8  2854  1315     1     8   407
    9  2767  1360     1     9   408
   10  2623  1378     1    10   409
   11  2257  1510     1    11   410
   12  1753  1588     1    12   411
   13  1519  1594     1    13   412
   14  1267  1576     1    14   413
   15   931  1549     1    15   414
   16   985  1375     1    16   415
   17  1165  1378     1    17   416
   18  1579  1363     1    18   417
