point     x     y slice color    ID
    0   928  1507     1     0   153
    1  1102  1414     1     1   154
    2  1282  1345     1     2   155
    3  1657  1231     1     3   156
    4  1882  1234     1     4   157
    5  2212  1255     1     5   158
    6  2677  1402     1     6   159
    7  2827  1438     1     7   160
    8  2902  1489     1     8   161
    9  2821  1525     1     9   162
   10  2665  1555     1    10   163
   11  2317  1645     1    11   164
   12  1828  1726     1    12   165
   13  1639  1720     1    13   166
   14  1357  1687     1    14   167
   15  1039  1648     1    15   168
   16  1111  1489     1    16   169
   17  1273  1486     1    17   170
   18  1675  1483     1    18   171
