point     x     y slice color    ID
    0   976  1480     1     0    39
    1  1200  1344     1     1    40
    2  1412  1276     1     2    41
    3  1880  1208     1     3    42
    4  2116  1228     1     4    43
    5  2460  1256     1     5    44
    6  2948  1404     1     6    45
    7  3116  1428     1     7    46
    8  3188  1468     1     8    47
    9  3136  1512     1     9    48
   10  2960  1556     1    10    49
   11  2556  1676     1    11    50
   12  2008  1728     1    12    51
   13  1836  1728     1    13    52
   14  1480  1684     1    14    53
   15  1120  1620     1    15    54
   16  1208  1436     1    16    55
   17  1404  1440     1    17    56
   18  1848  1472     1    18    57
