point     x     y slice color    ID
    0   598  1366     1     0   588
    1   766  1291     1     1   589
    2   916  1231     1     2   590
    3  1330  1123     1     3   591
    4  1573  1111     1     4   592
    5  1969  1135     1     5   593
    6  2512  1300     1     6   594
    7  2686  1348     1     7   595
    8  2770  1399     1     8   596
    9  2686  1435     1     9   597
   10  2515  1447     1    10   598
   11  2158  1570     1    11   599
   12  1489  1678     1    12   600
   13  1270  1630     1    13   601
   14  1012  1567     1    14   602
   15   718  1495     1    15   603
   16   763  1345     1    16   604
   17   919  1351     1    17   605
   18  1321  1387     1    18   606
