point     x     y slice color    ID
    0   748  1348     1     0   361
    1   958  1243     1     1   362
    2  1162  1201     1     2   363
    3  1582  1120     1     3   364
    4  1846  1108     1     4   365
    5  2281  1135     1     5   366
    6  2833  1231     1     6   367
    7  3019  1246     1     7   368
    8  3085  1285     1     8   369
    9  3025  1342     1     9   370
   10  2851  1366     1    10   371
   11  2470  1543     1    11   372
   12  1765  1666     1    12   373
   13  1561  1666     1    13   374
   14  1168  1573     1    14   375
   15   877  1495     1    15   376
   16   961  1315     1    16   377
   17  1165  1315     1    17   378
   18  1600  1369     1    18   379
