point     x     y slice color    ID
    0   982  1366     1     0   380
    1  1126  1279     1     1   381
    2  1276  1222     1     2   382
    3  1699  1132     1     3   383
    4  1972  1138     1     4   384
    5  2326  1153     1     5   385
    6  2818  1297     1     6   386
    7  2986  1306     1     7   387
    8  3061  1333     1     8   388
    9  3013  1381     1     9   389
   10  2824  1417     1    10   390
   11  2509  1525     1    11   391
   12  1858  1603     1    12   392
   13  1681  1597     1    13   393
   14  1363  1531     1    14   394
   15  1081  1489     1    15   395
   16  1129  1339     1    16   396
   17  1273  1336     1    17   397
   18  1663  1360     1    18   398
