point     x     y slice color    ID
    0   844  1537     1     0   248
    1  1033  1411     1     1   249
    2  1216  1339     1     2   250
    3  1627  1264     1     3   251
    4  1882  1267     1     4   252
    5  2254  1291     1     5   253
    6  2797  1468     1     6   254
    7  2950  1510     1     7   255
    8  2998  1561     1     8   256
    9  2923  1597     1     9   257
   10  2770  1591     1    10   258
   11  2362  1669     1    11   259
   12  1789  1726     1    12   260
   13  1615  1723     1    13   261
   14  1288  1690     1    14   262
   15   970  1654     1    15   263
   16  1039  1486     1    16   264
   17  1216  1477     1    17   265
   18  1639  1498     1    18   266
