point     x     y slice color    ID
    0   907  1318     1     0   437
    1  1075  1249     1     1   438
    2  1264  1195     1     2   439
    3  1636  1126     1     3   440
    4  1855  1129     1     4   441
    5  2224  1156     1     5   442
    6  2722  1291     1     6   443
    7  2851  1303     1     7   444
    8  2935  1336     1     8   445
    9  2866  1375     1     9   446
   10  2728  1408     1    10   447
   11  2425  1528     1    11   448
   12  1780  1630     1    12   449
   13  1612  1609     1    13   450
   14  1303  1537     1    14   451
   15  1018  1459     1    15   452
   16  1075  1315     1    16   453
   17  1264  1318     1    17   454
   18  1588  1378     1    18   455
