point     x     y slice color    ID
    0   598  1387     1     0   172
    1   775  1297     1     1   173
    2   973  1228     1     2   174
    3  1405  1153     1     3   175
    4  1684  1165     1     4   176
    5  2080  1192     1     5   177
    6  2620  1288     1     6   178
    7  2755  1285     1     7   179
    8  2830  1306     1     8   180
    9  2773  1375     1     9   181
   10  2641  1417     1    10   182
   11  2251  1600     1    11   183
   12  1564  1702     1    12   184
   13  1348  1675     1    13   185
   14  1012  1597     1    14   186
   15   691  1534     1    15   187
   16   775  1360     1    16   188
   17   976  1357     1    17   189
   18  1426  1414     1    18   190
