point     x     y slice color    ID
    0   955  1438     1     0   324
    1  1138  1348     1     1   325
    2  1321  1303     1     2   326
    3  1684  1243     1     3   327
    4  1939  1234     1     4   328
    5  2332  1261     1     5   329
    6  2842  1408     1     6   330
    7  2965  1411     1     7   331
    8  3016  1447     1     8   332
    9  2959  1501     1     9   333
   10  2854  1525     1    10   334
   11  2554  1660     1    11   335
   12  1870  1750     1    12   336
   13  1648  1726     1    13   337
   14  1333  1660     1    14   338
   15  1060  1585     1    15   339
   16  1135  1435     1    16   340
   17  1312  1444     1    17   341
   18  1723  1501     1    18   342
