point     x     y slice color    ID
    0   580  1393     1     0   569
    1   784  1264     1     1   570
    2   988  1180     1     2   571
    3  1468  1093     1     3   572
    4  1717  1111     1     4   573
    5  2122  1165     1     5   574
    6  2698  1291     1     6   575
    7  2878  1279     1     7   576
    8  2950  1333     1     8   577
    9  2887  1396     1     9   578
   10  2731  1429     1    10   579
   11  2299  1606     1    11   580
   12  1627  1648     1    12   581
   13  1438  1654     1    13   582
   14  1033  1591     1    14   583
   15   724  1531     1    15   584
   16   784  1345     1    16   585
   17  1009  1330     1    17   586
   18  1450  1384     1    18   587
