point     x     y slice color    ID
    0  1108  1329     1     0   131
    1  1300  1206     1     1   132
    2  1489  1131     1     2   133
    3  1921  1026     1     3   134
    4  2149  1005     1     4   135
    5  2596  1017     1     5   136
    6  3166  1221     1     6   137
    7  3322  1275     1     7   138
    8  3376  1344     1     8   139
    9  3283  1365     1     9   140
   10  3187  1356     1    10   141
   11  2764  1425     1    11   142
   12  2119  1539     1    12   143
   13  1915  1551     1    13   144
   14  1552  1500     1    14   145
   15  1249  1455     1    15   146
   16  1312  1269     1    16   147
   17  1492  1263     1    17   148
   18  1936  1290     1    18   149
