point     x     y slice color    ID
    0  1033  1365     1     0    20
    1  1222  1251     1     1    21
    2  1405  1173     1     2    22
    3  1840  1092     1     3    23
    4  2077  1095     1     4    24
    5  2482  1110     1     5    25
    6  2983  1197     1     6    26
    7  3172  1215     1     7    27
    8  3271  1260     1     8    28
    9  3163  1317     1     9    29
   10  3010  1347     1    10    30
   11  2674  1506     1    11    31
   12  1999  1656     1    12    32
   13  1828  1635     1    13    33
   14  1477  1569     1    14    34
   15  1159  1512     1    15    35
   16  1231  1329     1    16    36
   17  1408  1311     1    17    37
   18  1813  1362     1    18    38
