point     x     y slice color    ID
    0  1078  1427     1     0     1
    1  1312  1268     1     1     2
    2  1510  1193     1     2     3
    3  1912  1076     1     3     4
    4  2161  1082     1     4     5
    5  2488  1109     1     5     6
    6  2965  1259     1     6     7
    7  3133  1322     1     7     8
    8  3217  1370     1     8     9
    9  3130  1409     1     9    10
   10  2980  1424     1    10    11
   11  2620  1517     1    11    12
   12  2113  1595     1    12    13
   13  1849  1580     1    13    14
   14  1600  1580     1    14    15
   15  1261  1562     1    15    16
   16  1315  1352     1    16    17
   17  1522  1337     1    17    18
   18  1966  1316     1    18    19
