point     x     y slice color    ID
    0  1104  1333     1     0     1
    1  1245  1232     1     1     2
    2  1430  1135     1     2     3
    3  1795  1012     1     3     4
    4  2055   994     1     4     5
    5  2377  1025     1     5     6
    6  2812  1162     1     6     7
    7  3010  1241     1     7     8
    8  3072  1316     1     8     9
    9  2980  1316     1     9    10
   10  2843  1307     1    10    11
   11  2531  1404     1    11    12
   12  1994  1487     1    12    13
   13  1791  1474     1    13    14
   14  1509  1452     1    14    15
   15  1228  1435     1    15    16
   16  1250  1276     1    16    17
   17  1426  1258     1    17    18
   18  1809  1267     1    18    19
