point     x     y slice color    ID
    0  1125  2622     1     0    80
    1  1062  2523     1     1    81
    2  1026  2409     1     2    82
    3   954  2124     1     3    83
    4   948  1902     1     4    84
    5   963  1581     1     5    85
    6  1062  1254     1     6    86
    7  1056  1188     1     7    87
    8  1095  1116     1     8    88
    9  1155  1185     1     9    89
   10  1158  1257     1    10    90
   11  1257  1500     1    11    91
   12  1320  1965     1    12    92
   13  1317  2118     1    13    93
   14  1299  2322     1    14    94
   15  1236  2571     1    15    95
   16  1110  2523     1    16    96
   17  1119  2400     1    17    97
   18  1128  2124     1    18    98
