point     x     y slice color    ID
    0  1114  1308     1     0    77
    1  1300  1200     1     1    78
    2  1477  1116     1     2    79
    3  1885  1011     1     3    80
    4  2158  1014     1     4    81
    5  2521  1035     1     5    82
    6  3049  1149     1     6    83
    7  3190  1164     1     7    84
    8  3283  1203     1     8    85
    9  3190  1257     1     9    86
   10  3067  1281     1    10    87
   11  2713  1425     1    11    88
   12  2068  1539     1    12    89
   13  1879  1527     1    13    90
   14  1549  1491     1    14    91
   15  1234  1440     1    15    92
   16  1300  1269     1    16    93
   17  1474  1263     1    17    94
   18  1879  1296     1    18    95
