point     x     y slice color    ID
    0   937  1266     1     0    96
    1  1132  1164     1     1    97
    2  1318  1092     1     2    98
    3  1756   981     1     3    99
    4  2005   990     1     4   100
    5  2392  1020     1     5   101
    6  2986  1203     1     6   102
    7  3208  1272     1     7   103
    8  3256  1335     1     8   104
    9  3166  1365     1     9   105
   10  3022  1353     1    10   106
   11  2590  1428     1    11   107
   12  1960  1515     1    12   108
   13  1714  1518     1    13   109
   14  1393  1470     1    14   110
   15  1039  1410     1    15   111
   16  1126  1245     1    16   112
   17  1306  1239     1    17   113
   18  1762  1242     1    18   114
