point     x     y slice color    ID
    0  1144  1292     1     0    20
    1  1330  1196     1     1    21
    2  1519  1133     1     2    22
    3  1930  1055     1     3    23
    4  2170  1049     1     4    24
    5  2548  1073     1     5    25
    6  3052  1187     1     6    26
    7  3208  1202     1     7    27
    8  3283  1250     1     8    28
    9  3208  1280     1     9    29
   10  3076  1295     1    10    30
   11  2713  1397     1    11    31
   12  2116  1535     1    12    32
   13  1879  1532     1    13    33
   14  1609  1487     1    14    34
   15  1261  1421     1    15    35
   16  1336  1277     1    16    36
   17  1513  1286     1    17    37
   18  1924  1313     1    18    38
