point     x     y slice color    ID
    0  1272  2781     1     0    40
    1  1215  2673     1     1    41
    2  1167  2556     1     2    42
    3  1083  2253     1     3    43
    4  1080  2031     1     4    44
    5  1095  1749     1     5    45
    6  1230  1368     1     6    46
    7  1233  1305     1     7    47
    8  1284  1233     1     8    48
    9  1329  1311     1     9    49
   10  1326  1362     1    10    50
   11  1413  1629     1    11    51
   12  1449  2055     1    12    52
   13  1458  2241     1    13    53
   14  1440  2433     1    14    54
   15  1383  2712     1    15    55
   16  1251  2682     1    16    56
   17  1242  2538     1    17    57
   18  1254  2262     1    18    58
