point     x     y slice color    ID
    0   920   562     1     0   872
    1  1016   702     1     1   873
    2  1072   842     1     2   874
    3  1192  1274     1     3   875
    4  1188  1446     1     4   876
    5  1168  1758     1     5   877
    6  1120  2194     1     6   878
    7  1148  2338     1     7   879
    8  1144  2422     1     8   880
    9  1076  2378     1     9   881
   10  1004  2222     1    10   882
   11   844  1898     1    11   883
   12   760  1482     1    12   884
   13   748  1294     1    13   885
   14   764   998     1    14   886
   15   800   698     1    15   887
   16   948   710     1    16   888
   17   968   890     1    17   889
   18   960  1266     1    18   890
