point     x     y slice color    ID
    0  2713   997     1     0   267
    1  2548  1079     1     1   268
    2  2383  1152     1     2   269
    3  1928  1234     1     3   270
    4  1663  1238     1     4   271
    5  1280  1201     1     5   272
    6   719  1036     1     6   273
    7   554  1049     1     7   274
    8   462  1036     1     8   275
    9   534   970     1     9   276
   10   798   901     1    10   277
   11  1102   798     1    11   278
   12  1736   732     1    12   279
   13  1940   752     1    13   280
   14  2291   795     1    14   281
   15  2598   838     1    15   282
   16  2542  1006     1    16   283
   17  2373  1023     1    17   284
   18  1924  1016     1    18   285
