point     x     y slice color    ID
    0  2743   924     1     0   210
    1  2555  1000     1     1   211
    2  2400  1063     1     2   212
    3  1987  1162     1     3   213
    4  1799  1145     1     4   214
    5  1475  1115     1     5   215
    6   964  1013     1     6   216
    7   861  1026     1     7   217
    8   765  1010     1     8   218
    9   835   954     1     9   219
   10   973   888     1    10   220
   11  1346   752     1    11   221
   12  1825   647     1    12   222
   13  1984   650     1    13   223
   14  2304   719     1    14   224
   15  2588   769     1    15   225
   16  2558   937     1    16   226
   17  2386   934     1    17   227
   18  1964   907     1    18   228
