point     x     y slice color    ID
    0   928   562     1     0   644
    1  1024   738     1     1   645
    2  1080   894     1     2   646
    3  1172  1246     1     3   647
    4  1184  1434     1     4   648
    5  1180  1770     1     5   649
    6  1108  2270     1     6   650
    7  1124  2366     1     7   651
    8  1096  2434     1     8   652
    9  1020  2374     1     9   653
   10   988  2254     1    10   654
   11   840  1882     1    11   655
   12   776  1478     1    12   656
   13   736  1262     1    13   657
   14   752   974     1    14   658
   15   800   686     1    15   659
   16   956   758     1    16   660
   17   964   926     1    17   661
   18   980  1310     1    18   662
