point     x     y slice color    ID
    0  2746  1010     1     0    77
    1  2561  1105     1     1    78
    2  2383  1171     1     2    79
    3  1994  1254     1     3    80
    4  1772  1261     1     4    81
    5  1426  1231     1     5    82
    6   921  1138     1     6    83
    7   752  1122     1     7    84
    8   670  1092     1     8    85
    9   749  1043     1     9    86
   10   891  1016     1    10    87
   11  1247   894     1    11    88
   12  1720   802     1    12    89
   13  1997   789     1    13    90
   14  2317   815     1    14    91
   15  2621   878     1    15    92
   16  2551  1043     1    16    93
   17  2370  1059     1    17    94
   18  1947  1043     1    18    95
