point     x     y slice color    ID
    0  2743   954     1     0   153
    1  2578  1056     1     1   154
    2  2423  1122     1     2   155
    3  1980  1188     1     3   156
    4  1746  1162     1     4   157
    5  1356  1112     1     5   158
    6   828   964     1     6   159
    7   693   970     1     7   160
    8   617   940     1     8   161
    9   683   881     1     9   162
   10   828   851     1    10   163
   11  1231   719     1    11   164
   12  1812   653     1    12   165
   13  1987   673     1    13   166
   14  2324   749     1    14   167
   15  2637   828     1    15   168
   16  2575   997     1    16   169
   17  2410  1006     1    17   170
   18  2003   930     1    18   171
