point     x     y slice color    ID
    0  2614   937     1     0    39
    1  2446  1030     1     1    40
    2  2277  1105     1     2    41
    3  1904  1178     1     3    42
    4  1663  1178     1     4    43
    5  1363  1155     1     5    44
    6   944  1030     1     6    45
    7   759   970     1     7    46
    8   696   914     1     8    47
    9   772   891     1     9    48
   10   940   897     1    10    49
   11  1280   828     1    11    50
   12  1746   769     1    12    51
   13  1914   759     1    13    52
   14  2208   782     1    14    53
   15  2485   805     1    15    54
   16  2446   987     1    16    55
   17  2254  1013     1    17    56
   18  1878  1010     1    18    57
