point     x     y slice color    ID
    0   852   714     1     0   511
    1   928   854     1     1   512
    2  1000  1026     1     2   513
    3  1116  1306     1     3   514
    4  1108  1506     1     4   515
    5  1092  1862     1     5   516
    6   968  2326     1     6   517
    7   952  2474     1     7   518
    8   920  2546     1     8   519
    9   880  2486     1     9   520
   10   876  2374     1    10   521
   11   756  2014     1    11   522
   12   696  1554     1    12   523
   13   688  1302     1    13   524
   14   696  1058     1    14   525
   15   728   790     1    15   526
   16   880   870     1    16   527
   17   888  1062     1    17   528
   18   904  1386     1    18   529
