point     x     y slice color    ID
    0  2915   983     1     0    58
    1  2736  1066     1     1    59
    2  2558  1082     1     2    60
    3  2122  1142     1     3    61
    4  1894  1129     1     4    62
    5  1538  1105     1     5    63
    6  1013  1026     1     6    64
    7   907  1056     1     7    65
    8   838  1059     1     8    66
    9   858   983     1     9    67
   10   973   914     1    10    68
   11  1323   742     1    11    69
   12  1937   666     1    12    70
   13  2126   660     1    13    71
   14  2518   739     1    14    72
   15  2809   841     1    15    73
   16  2733   990     1    16    74
   17  2548   993     1    17    75
   18  2142   924     1    18    76
