point     x     y slice color    ID
    0  2698   852     1     0     1
    1  2518   963     1     1     2
    2  2374  1011     1     2     3
    3  1975  1137     1     3     4
    4  1747  1155     1     4     5
    5  1402  1155     1     5     6
    6   865  1116     1     6     7
    7   694  1101     1     7     8
    8   607  1074     1     8     9
    9   676  1023     1     9    10
   10   823   984     1    10    11
   11  1117   825     1    11    12
   12  1675   678     1    12    13
   13  1951   660     1    13    14
   14  2278   684     1    14    15
   15  2584   732     1    15    16
   16  2521   885     1    16    17
   17  2353   894     1    17    18
   18  1951   894     1    18    19
