point     x     y slice color    ID
    0   836   458     1     0   473
    1   940   598     1     1   474
    2  1020   762     1     2   475
    3  1124  1226     1     3   476
    4  1124  1470     1     4   477
    5  1132  1754     1     5   478
    6  1088  2294     1     6   479
    7  1116  2438     1     7   480
    8  1104  2534     1     8   481
    9  1048  2494     1     9   482
   10   972  2334     1    10   483
   11   780  1990     1    11   484
   12   664  1450     1    12   485
   13   660  1238     1    13   486
   14   704   870     1    14   487
   15   740   582     1    15   488
   16   884   618     1    16   489
   17   908   798     1    17   490
   18   896  1198     1    18   491
