point     x     y slice color    ID
    0   756   254     1     0   701
    1   872   426     1     1   702
    2   960   574     1     2   703
    3  1100   910     1     3   704
    4  1152  1114     1     4   705
    5  1164  1422     1     5   706
    6  1132  1886     1     6   707
    7  1132  2062     1     7   708
    8  1096  2150     1     8   709
    9  1036  2090     1     9   710
   10   996  1926     1    10   711
   11   824  1582     1    11   712
   12   692  1190     1    12   713
   13   656   966     1    13   714
   14   632   718     1    14   715
   15   636   406     1    15   716
   16   816   434     1    16   717
   17   852   606     1    17   718
   18   920   998     1    18   719
