point     x     y slice color    ID
    0  2796  1072     1     0   191
    1  2611  1175     1     1   192
    2  2446  1234     1     2   193
    3  2056  1323     1     3   194
    4  1802  1323     1     4   195
    5  1429  1271     1     5   196
    6   868  1076     1     6   197
    7   706  1026     1     7   198
    8   650   957     1     8   199
    9   739   940     1     9   200
   10   894   954     1    10   201
   11  1274   940     1    11   202
   12  1786   868     1    12   203
   13  2056   864     1    13   204
   14  2268   878     1    14   205
   15  2654   934     1    15   206
   16  2621  1105     1    16   207
   17  2436  1122     1    17   208
   18  2040  1089     1    18   209
