point     x     y slice color    ID
    0   978   624     1     0     1
    1  1092   756     1     1     2
    2  1164   876     1     2     3
    3  1320  1302     1     3     4
    4  1332  1506     1     4     5
    5  1338  1806     1     5     6
    6  1200  2298     1     6     7
    7  1188  2388     1     7     8
    8  1140  2466     1     8     9
    9  1110  2406     1     9    10
   10  1110  2292     1    10    11
   11  1008  1944     1    11    12
   12   912  1488     1    12    13
   13   894  1290     1    13    14
   14   864  1086     1    14    15
   15   876   768     1    15    16
   16  1026   780     1    16    17
   17  1068   960     1    17    18
   18  1110  1338     1    18    19
