point     x     y slice color    ID
    0  1000   534     1     0   625
    1  1116   706     1     1   626
    2  1188   874     1     2   627
    3  1360  1298     1     3   628
    4  1348  1530     1     4   629
    5  1328  1942     1     5   630
    6  1156  2482     1     6   631
    7  1116  2666     1     7   632
    8  1060  2766     1     8   633
    9  1028  2662     1     9   634
   10  1028  2502     1    10   635
   11   900  2122     1    11   636
   12   840  1506     1    12   637
   13   836  1286     1    13   638
   14   864  1006     1    14   639
   15   876   670     1    15   640
   16  1052   718     1    16   641
   17  1064   894     1    17   642
   18  1108  1338     1    18   643
