point     x     y slice color    ID
    0  2753   782     1     0    20
    1  2604   914     1     1    21
    2  2436  1006     1     2    22
    3  2023  1089     1     3    23
    4  1845  1082     1     4    24
    5  1472  1076     1     5    25
    6   964   937     1     6    26
    7   835   944     1     7    27
    8   739   907     1     8    28
    9   812   855     1     9    29
   10   947   822     1    10    30
   11  1294   696     1    11    31
   12  1868   623     1    12    32
   13  2007   617     1    13    33
   14  2314   663     1    14    34
   15  2621   689     1    15    35
   16  2604   855     1    16    36
   17  2426   871     1    17    37
   18  2040   858     1    18    38
