point     x     y slice color    ID
    0  2631   884     1     0   248
    1  2452  1000     1     1   249
    2  2274  1082     1     2   250
    3  1875  1188     1     3   251
    4  1607  1175     1     4   252
    5  1228  1119     1     5   253
    6   769   934     1     6   254
    7   597   878     1     7   255
    8   524   828     1     8   256
    9   617   795     1     9   257
   10   765   808     1    10   258
   11  1142   746     1    11   259
   12  1667   713     1    12   260
   13  1861   703     1    13   261
   14  2136   716     1    14   262
   15  2476   749     1    15   263
   16  2456   927     1    16   264
   17  2261   944     1    17   265
   18  1858   960     1    18   266
