point     x     y slice color    ID
    0   968   550     1     0   682
    1  1052   726     1     1   683
    2  1096   886     1     2   684
    3  1156  1298     1     3   685
    4  1148  1478     1     4   686
    5  1108  1814     1     5   687
    6   984  2258     1     6   688
    7   956  2370     1     7   689
    8   916  2438     1     8   690
    9   872  2370     1     9   691
   10   860  2254     1    10   692
   11   768  1878     1    11   693
   12   728  1374     1    12   694
   13   720  1286     1    13   695
   14   736   998     1    14   696
   15   824   654     1    15   697
   16   988   738     1    16   698
   17   996   918     1    17   699
   18   948  1302     1    18   700
