point     x     y slice color    ID
    0   980   526     1     0   549
    1  1096   678     1     1   550
    2  1168   846     1     2   551
    3  1276  1250     1     3   552
    4  1280  1482     1     4   553
    5  1264  1818     1     5   554
    6  1228  2278     1     6   555
    7  1276  2430     1     7   556
    8  1268  2510     1     8   557
    9  1180  2462     1     9   558
   10  1100  2326     1    10   559
   11   908  2002     1    11   560
   12   780  1462     1    12   561
   13   800  1226     1    13   562
   14   836   942     1    14   563
   15   868   630     1    15   564
   16  1036   698     1    16   565
   17  1056   874     1    17   566
   18  1064  1278     1    18   567
