point     x     y slice color    ID
    0   940   590     1     0   796
    1  1064   750     1     1   797
    2  1168   898     1     2   798
    3  1292  1298     1     3   799
    4  1312  1526     1     4   800
    5  1272  1822     1     5   801
    6  1092  2330     1     6   802
    7  1032  2470     1     7   803
    8   964  2534     1     8   804
    9   956  2454     1     9   805
   10   976  2294     1    10   806
   11   964  1930     1    11   807
   12   888  1506     1    12   808
   13   860  1298     1    13   809
   14   856  1118     1    14   810
   15   836   754     1    15   811
   16  1020   774     1    16   812
   17  1020   946     1    17   813
   18  1096  1318     1    18   814
