point     x     y slice color    ID
    0  1092   390     1     0   454
    1  1164   566     1     1   455
    2  1220   726     1     2   456
    3  1268  1078     1     3   457
    4  1244  1322     1     4   458
    5  1208  1670     1     5   459
    6  1184  2122     1     6   460
    7  1240  2234     1     7   461
    8  1240  2318     1     8   462
    9  1160  2274     1     9   463
   10  1096  2162     1    10   464
   11   928  1842     1    11   465
   12   864  1262     1    12   466
   13   864  1054     1    13   467
   14   900   806     1    14   468
   15   976   502     1    15   469
   16  1116   574     1    16   470
   17  1120   738     1    17   471
   18  1092  1118     1    18   472
