point     x     y slice color    ID
    0   956   742     1     0   492
    1  1048   898     1     1   493
    2  1136  1010     1     2   494
    3  1300  1402     1     3   495
    4  1340  1614     1     4   496
    5  1352  1934     1     5   497
    6  1284  2390     1     6   498
    7  1284  2562     1     7   499
    8  1244  2646     1     8   500
    9  1184  2570     1     9   501
   10  1168  2434     1    10   502
   11  1024  2066     1    11   503
   12   956  1622     1    12   504
   13   900  1434     1    13   505
   14   884  1206     1    14   506
   15   848   890     1    15   507
   16  1004   922     1    16   508
   17  1040  1078     1    17   509
   18  1104  1446     1    18   510
