point     x     y slice color    ID
    0  1036   146     1     0   777
    1  1120   310     1     1   778
    2  1184   482     1     2   779
    3  1272   946     1     3   780
    4  1248  1210     1     4   781
    5  1200  1570     1     5   782
    6  1084  2126     1     6   783
    7  1072  2286     1     7   784
    8  1020  2394     1     8   785
    9   980  2318     1     9   786
   10   952  2118     1    10   787
   11   820  1754     1    11   788
   12   768  1182     1    12   789
   13   760   934     1    13   790
   14   816   558     1    14   791
   15   888   278     1    15   792
   16  1056   318     1    16   793
   17  1052   514     1    17   794
   18  1028   962     1    18   795
