point     x     y slice color    ID
    0  1004   362     1     0   568
    1  1116   518     1     1   569
    2  1200   674     1     2   570
    3  1328  1106     1     3   571
    4  1340  1350     1     4   572
    5  1312  1790     1     5   573
    6  1012  2338     1     6   574
    7   972  2466     1     7   575
    8   912  2510     1     8   576
    9   884  2438     1     9   577
   10   896  2294     1    10   578
   11   872  1922     1    11   579
   12   824  1358     1    12   580
   13   836  1094     1    13   581
   14   860   806     1    14   582
   15   892   498     1    15   583
   16  1056   538     1    16   584
   17  1088   722     1    17   585
   18  1080  1142     1    18   586
