point     x     y slice color    ID
    0   780   222     1     0   891
    1   888   374     1     1   892
    2   948   522     1     2   893
    3  1056   990     1     3   894
    4  1072  1266     1     4   895
    5  1044  1614     1     5   896
    6   980  2190     1     6   897
    7   992  2374     1     7   898
    8   960  2458     1     8   899
    9   896  2394     1     9   900
   10   820  2190     1    10   901
   11   668  1854     1    11   902
   12   568  1238     1    12   903
   13   576   966     1    13   904
   14   608   666     1    14   905
   15   660   342     1    15   906
   16   832   394     1    16   907
   17   848   574     1    17   908
   18   860  1010     1    18   909
