point     x     y slice color    ID
    0   936   658     1     0   663
    1  1052   790     1     1   664
    2  1124   942     1     2   665
    3  1232  1326     1     3   666
    4  1244  1558     1     4   667
    5  1236  1882     1     5   668
    6  1112  2330     1     6   669
    7  1084  2486     1     7   670
    8  1028  2546     1     8   671
    9   992  2482     1     9   672
   10   980  2318     1    10   673
   11   888  2006     1    11   674
   12   776  1546     1    12   675
   13   776  1354     1    13   676
   14   772  1122     1    14   677
   15   812   790     1    15   678
   16   988   802     1    16   679
   17  1004   982     1    17   680
   18  1028  1386     1    18   681
