point     x     y slice color    ID
    0  2865   815     1     0    96
    1  2707   930     1     1    97
    2  2548  1003     1     2    98
    3  2165  1122     1     3    99
    4  1914  1138     1     4   100
    5  1554  1122     1     5   101
    6  1059   987     1     6   102
    7   871   947     1     7   103
    8   779   901     1     8   104
    9   835   874     1     9   105
   10  1020   855     1    10   106
   11  1343   749     1    11   107
   12  1937   637     1    12   108
   13  2149   637     1    13   109
   14  2449   663     1    14   110
   15  2750   686     1    15   111
   16  2693   868     1    16   112
   17  2535   884     1    17   113
   18  2116   881     1    18   114
