point     x     y slice color    ID
    0  2753   891     1     0   134
    1  2575  1000     1     1   135
    2  2413  1033     1     2   136
    3  2000  1125     1     3   137
    4  1759  1129     1     4   138
    5  1409  1096     1     5   139
    6   921   921     1     6   140
    7   759   874     1     7   141
    8   676   815     1     8   142
    9   752   779     1     9   143
   10   868   772     1    10   144
   11  1280   673     1    11   145
   12  1835   643     1    12   146
   13  1984   633     1    13   147
   14  2317   673     1    14   148
   15  2618   732     1    15   149
   16  2571   897     1    16   150
   17  2403   904     1    17   151
   18  1967   874     1    18   152
