point     x     y slice color    ID
    0   916   322     1     0   606
    1  1012   466     1     1   607
    2  1072   622     1     2   608
    3  1156  1046     1     3   609
    4  1140  1270     1     4   610
    5  1112  1598     1     5   611
    6  1008  2126     1     6   612
    7  1012  2274     1     7   613
    8   984  2358     1     8   614
    9   932  2310     1     9   615
   10   896  2146     1    10   616
   11   772  1830     1    11   617
   12   724  1290     1    12   618
   13   700  1034     1    13   619
   14   736   730     1    14   620
   15   804   466     1    15   621
   16   956   474     1    16   622
   17   948   658     1    17   623
   18   920  1070     1    18   624
