point     x     y slice color    ID
    0  2740   993     1     0   229
    1  2551  1086     1     1   230
    2  2386  1132     1     2   231
    3  2007  1191     1     3   232
    4  1779  1168     1     4   233
    5  1528  1129     1     5   234
    6  1076   970     1     6   235
    7   940   967     1     7   236
    8   861   924     1     8   237
    9   940   874     1     9   238
   10  1089   858     1    10   239
   11  1452   765     1    11   240
   12  1871   732     1    12   241
   13  2017   736     1    13   242
   14  2307   779     1    14   243
   15  2618   851     1    15   244
   16  2551  1023     1    16   245
   17  2370  1036     1    17   246
   18  2023   993     1    18   247
