point     x     y slice color    ID
    0  2855  1033     1     0   172
    1  2651  1152     1     1   173
    2  2489  1201     1     2   174
    3  2112  1271     1     3   175
    4  1911  1247     1     4   176
    5  1607  1221     1     5   177
    6  1129  1066     1     6   178
    7   967  1030     1     7   179
    8   894   983     1     8   180
    9   980   947     1     9   181
   10  1109   947     1    10   182
   11  1479   841     1    11   183
   12  1970   789     1    12   184
   13  2132   815     1    13   185
   14  2416   851     1    14   186
   15  2710   894     1    15   187
   16  2664  1069     1    16   188
   17  2472  1089     1    17   189
   18  2119  1069     1    18   190
