point     x     y slice color    ID
    0   760   426     1     0   834
    1   848   606     1     1   835
    2   904   746     1     2   836
    3  1056  1174     1     3   837
    4  1048  1406     1     4   838
    5  1036  1766     1     5   839
    6   864  2302     1     6   840
    7   808  2458     1     7   841
    8   764  2542     1     8   842
    9   728  2458     1     9   843
   10   744  2290     1    10   844
   11   648  1950     1    11   845
   12   576  1422     1    12   846
   13   560  1198     1    13   847
   14   584   878     1    14   848
   15   632   546     1    15   849
   16   776   618     1    16   850
   17   800   786     1    17   851
   18   812  1222     1    18   852
