point     x     y slice color    ID
    0  2357  1119     1     0   286
    1  2261  1181     1     1   287
    2  2142  1231     1     2   288
    3  1868  1320     1     3   289
    4  1696  1327     1     4   290
    5  1465  1327     1     5   291
    6  1105  1244     1     6   292
    7   990  1208     1     7   293
    8   947  1175     1     8   294
    9  1010  1162     1     9   295
   10  1082  1185     1    10   296
   11  1307  1096     1    11   297
   12  1726   983     1    12   298
   13  1848   990     1    13   299
   14  2076  1016     1    14   300
   15  2281  1033     1    15   301
   16  2254  1135     1    16   302
   17  2132  1145     1    17   303
   18  1868  1138     1    18   304
