point     x     y slice color    ID
    0  1276  1410     1     0   150
    1  1441  1323     1     1   151
    2  1588  1278     1     2   152
    3  1963  1185     1     3   153
    4  2206  1173     1     4   154
    5  2497  1185     1     5   155
    6  2914  1269     1     6   156
    7  3034  1314     1     7   157
    8  3109  1362     1     8   158
    9  3034  1389     1     9   159
   10  2950  1401     1    10   160
   11  2599  1551     1    11   161
   12  2140  1644     1    12   162
   13  1948  1623     1    13   163
   14  1684  1590     1    14   164
   15  1402  1545     1    15   165
   16  1438  1410     1    16   166
   17  1597  1407     1    17   167
   18  1951  1431     1    18   168
