point     x     y slice color    ID
    0  2692   925     1     0   646
    1  2478  1075     1     1   647
    2  2308  1133     1     2   648
    3  1866  1213     1     3   649
    4  1634  1195     1     4   650
    5  1292  1181     1     5   651
    6   774  1061     1     6   652
    7   582  1045     1     7   653
    8   498  1025     1     8   654
    9   560   961     1     9   655
   10   760   895     1    10   656
   11  1134   749     1    11   657
   12  1680   691     1    12   658
   13  1852   705     1    13   659
   14  2162   743     1    14   660
   15  2522   781     1    15   661
   16  2486   977     1    16   662
   17  2290   973     1    17   663
   18  1824   943     1    18   664
