point     x     y slice color    ID
    0  2688   879     1     0   627
    1  2480  1003     1     1   628
    2  2308  1065     1     2   629
    3  1922  1139     1     3   630
    4  1694  1127     1     4   631
    5  1370  1099     1     5   632
    6   852   979     1     6   633
    7   632   961     1     7   634
    8   574   927     1     8   635
    9   626   869     1     9   636
   10   832   847     1    10   637
   11  1206   725     1    11   638
   12  1738   673     1    12   639
   13  1900   675     1    13   640
   14  2232   701     1    14   641
   15  2530   743     1    15   642
   16  2482   919     1    16   643
   17  2294   933     1    17   644
   18  1900   909     1    18   645
