point     x     y slice color    ID
    0  2878  1037     1     0   684
    1  2668  1141     1     1   685
    2  2492  1205     1     2   686
    3  2086  1273     1     3   687
    4  1814  1273     1     4   688
    5  1458  1237     1     5   689
    6   950  1089     1     6   690
    7   774  1095     1     7   691
    8   692  1075     1     8   692
    9   742  1003     1     9   693
   10   942   941     1    10   694
   11  1332   835     1    11   695
   12  1878   771     1    12   696
   13  2092   775     1    13   697
   14  2366   811     1    14   698
   15  2746   867     1    15   699
   16  2668  1069     1    16   700
   17  2492  1083     1    17   701
   18  2082  1069     1    18   702
