point     x     y slice color    ID
    0  2616  1029     1     0   570
    1  2444  1119     1     1   571
    2  2288  1181     1     2   572
    3  1896  1267     1     3   573
    4  1662  1267     1     4   574
    5  1352  1259     1     5   575
    6   898  1153     1     6   576
    7   722  1151     1     7   577
    8   664  1117     1     8   578
    9   720  1051     1     9   579
   10   872  1009     1    10   580
   11  1200   867     1    11   581
   12  1702   791     1    12   582
   13  1888   797     1    13   583
   14  2198   833     1    14   584
   15  2486   885     1    15   585
   16  2440  1051     1    16   586
   17  2300  1061     1    17   587
   18  1890  1041     1    18   588
