point     x     y slice color    ID
    0  2774  1081     1     0   494
    1  2548  1191     1     1   495
    2  2374  1239     1     2   496
    3  1990  1295     1     3   497
    4  1756  1279     1     4   498
    5  1452  1255     1     5   499
    6   882  1155     1     6   500
    7   760  1183     1     7   501
    8   680  1155     1     8   502
    9   736  1079     1     9   503
   10   884  1023     1    10   504
   11  1290   865     1    11   505
   12  1834   813     1    12   506
   13  1980   815     1    13   507
   14  2308   857     1    14   508
   15  2636   941     1    15   509
   16  2546  1111     1    16   510
   17  2362  1123     1    17   511
   18  1976  1073     1    18   512
