point     x     y slice color    ID
    0  2620  1037     1     0   665
    1  2414  1117     1     1   666
    2  2246  1155     1     2   667
    3  1868  1179     1     3   668
    4  1642  1135     1     4   669
    5  1344  1061     1     5   670
    6   892   935     1     6   671
    7   706   933     1     7   672
    8   636   907     1     8   673
    9   696   849     1     9   674
   10   888   779     1    10   675
   11  1242   675     1    11   676
   12  1780   699     1    12   677
   13  1962   729     1    13   678
   14  2228   797     1    14   679
   15  2518   891     1    15   680
   16  2420  1029     1    16   681
   17  2246  1023     1    17   682
   18  1884   933     1    18   683
