point     x     y slice color    ID
    0  2876  1105     1     0   722
    1  2670  1189     1     1   723
    2  2510  1227     1     2   724
    3  2076  1297     1     3   725
    4  1844  1281     1     4   726
    5  1498  1243     1     5   727
    6  1068  1157     1     6   728
    7   868  1193     1     7   729
    8   774  1183     1     8   730
    9   818  1115     1     9   731
   10  1042   993     1    10   732
   11  1368   835     1    11   733
   12  1936   773     1    12   734
   13  2076   785     1    13   735
   14  2358   837     1    14   736
   15  2756   935     1    15   737
   16  2684  1105     1    16   738
   17  2510  1111     1    17   739
   18  2112  1035     1    18   740
