point     x     y slice color    ID
    0  2784  1111     1     0   589
    1  2558  1197     1     1   590
    2  2388  1261     1     2   591
    3  1972  1331     1     3   592
    4  1732  1311     1     4   593
    5  1372  1269     1     5   594
    6   888  1133     1     6   595
    7   730  1133     1     7   596
    8   678  1109     1     8   597
    9   726  1043     1     9   598
   10   872   985     1    10   599
   11  1292   833     1    11   600
   12  1814   811     1    12   601
   13  1974   817     1    13   602
   14  2296   867     1    14   603
   15  2634   941     1    15   604
   16  2548  1139     1    16   605
   17  2386  1153     1    17   606
   18  1968  1089     1    18   607
