point     x     y slice color    ID
    0  2962   983     1     0   532
    1  2730  1133     1     1   533
    2  2556  1209     1     2   534
    3  2162  1305     1     3   535
    4  1892  1313     1     4   536
    5  1512  1313     1     5   537
    6   940  1177     1     6   538
    7   774  1145     1     7   539
    8   702  1097     1     8   540
    9   800  1051     1     9   541
   10   952  1025     1    10   542
   11  1352   877     1    11   543
   12  1942   793     1    12   544
   13  2174   793     1    13   545
   14  2444   809     1    14   546
   15  2790   843     1    15   547
   16  2734  1059     1    16   548
   17  2556  1065     1    17   549
   18  2118  1069     1    18   550
