point     x     y slice color    ID
    0  2700  1053     1     0   513
    1  2516  1145     1     1   514
    2  2364  1207     1     2   515
    3  1992  1289     1     3   516
    4  1752  1289     1     4   517
    5  1436  1283     1     5   518
    6   962  1169     1     6   519
    7   774  1111     1     7   520
    8   706  1069     1     8   521
    9   772  1029     1     9   522
   10   934  1023     1    10   523
   11  1282   899     1    11   524
   12  1818   825     1    12   525
   13  1992   839     1    13   526
   14  2266   867     1    14   527
   15  2548   907     1    15   528
   16  2522  1077     1    16   529
   17  2370  1081     1    17   530
   18  1960  1065     1    18   531
