point     x     y slice color    ID
    0  2704  1003     1     0   703
    1  2516  1075     1     1   704
    2  2356  1125     1     2   705
    3  1916  1187     1     3   706
    4  1686  1171     1     4   707
    5  1364  1145     1     5   708
    6   908  1089     1     6   709
    7   774  1143     1     7   710
    8   684  1133     1     8   711
    9   730  1057     1     9   712
   10   866   967     1    10   713
   11  1222   753     1    11   714
   12  1766   683     1    12   715
   13  1922   699     1    13   716
   14  2274   757     1    14   717
   15  2580   835     1    15   718
   16  2516  1013     1    16   719
   17  2348  1015     1    17   720
   18  1940   947     1    18   721
