point     x     y slice color    ID
    0  2640  1232     1     0   115
    1  2472  1274     1     1   116
    2  2313  1283     1     2   117
    3  1950  1247     1     3   118
    4  1722  1250     1     4   119
    5  1437  1271     1     5   120
    6  1014  1289     1     6   121
    7   915  1328     1     7   122
    8   834  1322     1     8   123
    9   867  1259     1     9   124
   10   951  1205     1    10   125
   11  1266   977     1    11   126
   12  1755   848     1    12   127
   13  1980   857     1    13   128
   14  2346   914     1    14   129
   15  2589  1085     1    15   130
   16  2475  1205     1    16   131
   17  2310  1184     1    17   132
   18  1935  1073     1    18   133
