point     x     y slice color    ID
    0  2904  1055     1     0    20
    1  2670  1160     1     1    21
    2  2490  1208     1     2    22
    3  2076  1304     1     3    23
    4  1764  1289     1     4    24
    5  1362  1268     1     5    25
    6   780  1079     1     6    26
    7   588  1070     1     7    27
    8   522  1019     1     8    28
    9   600   953     1     9    29
   10   801   959     1    10    30
   11  1203   830     1    11    31
   12  1788   761     1    12    32
   13  2046   758     1    13    33
   14  2385   782     1    14    34
   15  2745   872     1    15    35
   16  2664  1091     1    16    36
   17  2475  1106     1    17    37
   18  1998  1031     1    18    38
