point     x     y slice color    ID
    0  2748   938     1     0   172
    1  2547  1043     1     1   173
    2  2367  1100     1     2   174
    3  1947  1208     1     3   175
    4  1647  1238     1     4   176
    5  1221  1238     1     5   177
    6   672  1166     1     6   178
    7   423  1157     1     7   179
    8   339  1124     1     8   180
    9   417  1067     1     9   181
   10   579  1037     1    10   182
   11   915   845     1    11   183
   12  1692   668     1    12   184
   13  1974   668     1    13   185
   14  2271   713     1    14   186
   15  2523   749     1    15   187
   16  2541   965     1    16   188
   17  2367   968     1    17   189
   18  1929   956     1    18   190
