point     x     y slice color    ID
    0  2739  1157     1     0   134
    1  2505  1166     1     1   135
    2  2316  1190     1     2   136
    3  1887  1223     1     3   137
    4  1638  1214     1     4   138
    5  1224  1187     1     5   139
    6   894  1151     1     6   140
    7   495  1100     1     7   141
    8   426  1064     1     8   142
    9   483   992     1     9   143
   10   594   983     1    10   144
   11  1017   815     1    11   145
   12  1674   686     1    12   146
   13  1905   686     1    13   147
   14  2202   719     1    14   148
   15  2544   821     1    15   149
   16  2520  1088     1    16   150
   17  2319  1079     1    17   151
   18  1890   956     1    18   152
