point     x     y slice color    ID
    0  2779  1074     1     0     1
    1  2548  1152     1     1     2
    2  2371  1194     1     2     3
    3  1930  1269     1     3     4
    4  1669  1299     1     4     5
    5  1237  1326     1     5     6
    6   742  1257     1     6     7
    7   511  1239     1     7     8
    8   439  1206     1     8     9
    9   499  1155     1     9    10
   10   652  1131     1    10    11
   11   955   933     1    11    12
   12  1687   735     1    12    13
   13  1948   741     1    13    14
   14  2302   765     1    14    15
   15  2440   780     1    15    16
   16  2551  1089     1    16    17
   17  2377  1098     1    17    18
   18  1885  1020     1    18    19
