point     x     y slice color    ID
    0  2667   986     1     0   191
    1  2469  1130     1     1   192
    2  2295  1190     1     2   193
    3  1944  1298     1     3   194
    4  1692  1313     1     4   195
    5  1365  1328     1     5   196
    6   861  1250     1     6   197
    7   708  1271     1     7   198
    8   630  1232     1     8   199
    9   690  1178     1     9   200
   10   807  1157     1    10   201
   11  1200   980     1    11   202
   12  1704   854     1    12   203
   13  1929   842     1    13   204
   14  2160   830     1    14   205
   15  2487   842     1    15   206
   16  2469  1049     1    16   207
   17  2286  1067     1    17   208
   18  1869  1100     1    18   209
