point     x     y slice color    ID
    0  2763  1082     1     0    96
    1  2583  1205     1     1    97
    2  2427  1244     1     2    98
    3  1998  1349     1     3    99
    4  1737  1343     1     4   100
    5  1332  1313     1     5   101
    6   819  1211     1     6   102
    7   654  1199     1     7   103
    8   585  1154     1     8   104
    9   657  1103     1     9   105
   10   828  1082     1    10   106
   11  1134   920     1    11   107
   12  1815   818     1    12   108
   13  2025   836     1    13   109
   14  2301   878     1    14   110
   15  2640   944     1    15   111
   16  2580  1130     1    16   112
   17  2415  1130     1    17   113
   18  1995  1097     1    18   114
