point     x     y slice color    ID
    0  2652   992     1     0    58
    1  2448  1079     1     1    59
    2  2253  1151     1     2    60
    3  1830  1238     1     3    61
    4  1602  1244     1     4    62
    5  1110  1202     1     5    63
    6   717  1082     1     6    64
    7   399   974     1     7    65
    8   336   932     1     8    66
    9   417   884     1     9    67
   10   453   899     1    10    68
   11   906   791     1    11    69
   12  1644   683     1    12    70
   13  1854   695     1    13    71
   14  2160   725     1    14    72
   15  2520   806     1    15    73
   16  2451   992     1    16    74
   17  2247  1010     1    17    75
   18  1794   974     1    18    76
