point     x     y slice color    ID
    0  2419  1118     1     0    77
    1  2291  1164     1     1    78
    2  2143  1188     1     2    79
    3  1817  1218     1     3    80
    4  1631  1226     1     4    81
    5  1305  1216     1     5    82
    6   923  1126     1     6    83
    7   789  1114     1     7    84
    8   733  1086     1     8    85
    9   791  1056     1     9    86
   10   829  1050     1    10    87
   11  1157   922     1    11    88
   12  1657   800     1    12    89
   13  1825   814     1    13    90
   14  2073   878     1    14    91
   15  2301   946     1    15    92
   16  2299  1102     1    16    93
   17  2145  1112     1    17    94
   18  1825  1024     1    18    95
