point     x     y slice color    ID
    0  2673  1142     1     0   153
    1  2505  1172     1     1   154
    2  2331  1193     1     2   155
    3  1944  1220     1     3   156
    4  1716  1223     1     4   157
    5  1389  1208     1     5   158
    6   972  1112     1     6   159
    7   750  1085     1     7   160
    8   675  1040     1     8   161
    9   747  1007     1     9   162
   10   879   995     1    10   163
   11  1218   857     1    11   164
   12  1797   800     1    12   165
   13  1962   815     1    13   166
   14  2250   848     1    14   167
   15  2553   941     1    15   168
   16  2502  1106     1    16   169
   17  2334  1109     1    17   170
   18  1953  1004     1    18   171
