point     x     y slice color    ID
    0  1248  2932     1     0   137
    1  1136  2712     1     1   138
    2  1072  2556     1     2   139
    3   932  2064     1     3   140
    4   908  1824     1     4   141
    5   880  1364     1     5   142
    6   948   920     1     6   143
    7  1016   544     1     7   144
    8  1064   472     1     8   145
    9  1116   568     1     9   146
   10  1128   744     1    10   147
   11  1316  1132     1    11   148
   12  1484  1816     1    12   149
   13  1508  2032     1    13   150
   14  1500  2380     1    14   151
   15  1472  2696     1    15   152
   16  1196  2736     1    16   153
   17  1176  2532     1    17   154
   18  1180  2048     1    18   155
