point     x     y slice color    ID
    0  1056  2884     1     0    99
    1  1002  2659     1     1   100
    2   969  2512     1     2   101
    3   918  2095     1     3   102
    4   921  1858     1     4   103
    5   933  1498     1     5   104
    6  1059  1031     1     6   105
    7  1101   875     1     7   106
    8  1161   809     1     8   107
    9  1197   884     1     9   108
   10  1203  1025     1    10   109
   11  1365  1382     1    11   110
   12  1440  1900     1    12   111
   13  1413  2113     1    13   112
   14  1389  2354     1    14   113
   15  1338  2660     1    15   114
   16  1071  2675     1    16   115
   17  1053  2516     1    17   116
   18  1149  2099     1    18   117
