point     x     y slice color    ID
    0  2721  1208     1     0   210
    1  2544  1301     1     1   211
    2  2388  1322     1     2   212
    3  1989  1358     1     3   213
    4  1770  1349     1     4   214
    5  1377  1337     1     5   215
    6   909  1181     1     6   216
    7   774  1109     1     7   217
    8   723  1049     1     8   218
    9   780  1028     1     9   219
   10   930  1064     1    10   220
   11  1209   974     1    11   221
   12  1836   869     1    12   222
   13  2022   893     1    13   223
   14  2316   968     1    14   224
   15  2631  1061     1    15   225
   16  2547  1235     1    16   226
   17  2391  1235     1    17   227
   18  2043  1151     1    18   228
