point     x     y slice color    ID
    0  1112  2808     1     0   156
    1  1056  2588     1     1   157
    2  1036  2444     1     2   158
    3  1036  1956     1     3   159
    4  1020  1680     1     4   160
    5  1004  1288     1     5   161
    6  1024   756     1     6   162
    7  1040   596     1     7   163
    8  1080   500     1     8   164
    9  1136   572     1     9   165
   10  1164   752     1    10   166
   11  1368  1044     1    11   167
   12  1524  1732     1    12   168
   13  1544  1952     1    13   169
   14  1496  2296     1    14   170
   15  1432  2624     1    15   171
   16  1140  2620     1    16   172
   17  1128  2424     1    17   173
   18  1244  1968     1    18   174
