point     x     y slice color    ID
    0  2877  1157     1     0   229
    1  2670  1238     1     1   230
    2  2505  1262     1     2   231
    3  2094  1307     1     3   232
    4  1854  1295     1     4   233
    5  1539  1304     1     5   234
    6  1092  1250     1     6   235
    7   933  1262     1     7   236
    8   837  1247     1     8   237
    9   897  1181     1     9   238
   10  1059  1145     1    10   239
   11  1416   956     1    11   240
   12  1947   815     1    12   241
   13  2142   842     1    13   242
   14  2424   878     1    14   243
   15  2757   983     1    15   244
   16  2670  1172     1    16   245
   17  2493  1178     1    17   246
   18  2094  1088     1    18   247
