point     x     y slice color    ID
    0  2826  1211     1     0   248
    1  2568  1247     1     1   249
    2  2376  1280     1     2   250
    3  1968  1256     1     3   251
    4  1725  1244     1     4   252
    5  1377  1229     1     5   253
    6   813  1115     1     6   254
    7   642  1121     1     7   255
    8   552  1082     1     8   256
    9   648  1031     1     9   257
   10   771  1013     1    10   258
   11  1266   821     1    11   259
   12  1806   743     1    12   260
   13  2001   758     1    13   261
   14  2370   812     1    14   262
   15  2673   947     1    15   263
   16  2580  1181     1    16   264
   17  2388  1166     1    17   265
   18  1905  1052     1    18   266
