point     x     y slice color    ID
    0  2871   935     1     0   267
    1  2709  1031     1     1   268
    2  2544  1076     1     2   269
    3  2154  1172     1     3   270
    4  1917  1178     1     4   271
    5  1530  1148     1     5   272
    6  1080  1028     1     6   273
    7   936  1007     1     7   274
    8   849   962     1     8   275
    9   939   920     1     9   276
   10  1071   908     1    10   277
   11  1446   782     1    11   278
   12  1947   737     1    12   279
   13  2145   725     1    13   280
   14  2406   731     1    14   281
   15  2715   761     1    15   282
   16  2709   971     1    16   283
   17  2550   986     1    17   284
   18  2148   977     1    18   285
