point     x     y slice color    ID
    0  2688  1280     1     0   305
    1  2493  1313     1     1   306
    2  2307  1310     1     2   307
    3  1935  1286     1     3   308
    4  1713  1268     1     4   309
    5  1365  1253     1     5   310
    6  1023  1202     1     6   311
    7   723  1178     1     7   312
    8   636  1142     1     8   313
    9   702  1085     1     9   314
   10   852  1055     1    10   315
   11  1215   896     1    11   316
   12  1746   794     1    12   317
   13  1989   818     1    13   318
   14  2259   881     1    14   319
   15  2613  1109     1    15   320
   16  2499  1256     1    16   321
   17  2310  1229     1    17   322
   18  1911  1076     1    18   323
