point     x     y slice color    ID
    0  2694  1082     1     0   324
    1  2535  1085     1     1   325
    2  2376  1103     1     2   326
    3  1944  1145     1     3   327
    4  1695  1157     1     4   328
    5  1365  1190     1     5   329
    6   882  1124     1     6   330
    7   687  1112     1     7   331
    8   627  1079     1     8   332
    9   705  1031     1     9   333
   10   843  1025     1    10   334
   11  1158   848     1    11   335
   12  1716   662     1    12   336
   13  1974   680     1    13   337
   14  2268   731     1    14   338
   15  2586   851     1    15   339
   16  2538  1016     1    16   340
   17  2370  1019     1    17   341
   18  1938   893     1    18   342
