point     x     y slice color    ID
    0  1056  2840     1     0   346
    1  1008  2664     1     1   347
    2   988  2484     1     2   348
    3   924  2084     1     3   349
    4   936  1884     1     4   350
    5   976  1548     1     5   351
    6  1064  1076     1     6   352
    7  1088   864     1     7   353
    8  1140   796     1     8   354
    9  1196   856     1     9   355
   10  1196  1048     1    10   356
   11  1296  1360     1    11   357
   12  1468  1940     1    12   358
   13  1468  2104     1    13   359
   14  1396  2424     1    14   360
   15  1296  2704     1    15   361
   16  1068  2652     1    16   362
   17  1044  2480     1    17   363
   18  1160  2076     1    18   364
