point     x     y slice color    ID
    0  1220  2516     1     0   213
    1  1124  2368     1     1   214
    2  1060  2196     1     2   215
    3   988  1856     1     3   216
    4   984  1668     1     4   217
    5   984  1372     1     5   218
    6  1104   904     1     6   219
    7  1108   808     1     7   220
    8  1148   720     1     8   221
    9  1188   808     1     9   222
   10  1204   900     1    10   223
   11  1320  1244     1    11   224
   12  1404  1648     1    12   225
   13  1412  1860     1    13   226
   14  1400  2100     1    14   227
   15  1352  2408     1    15   228
   16  1208  2376     1    16   229
   17  1172  2184     1    17   230
   18  1168  1844     1    18   231
