point     x     y slice color    ID
    0  1068  2792     1     0   175
    1  1020  2624     1     1   176
    2  1012  2476     1     2   177
    3  1004  2084     1     3   178
    4  1000  1880     1     4   179
    5   992  1512     1     5   180
    6   992  1060     1     6   181
    7   964   900     1     7   182
    8   972   804     1     8   183
    9  1052   888     1     9   184
   10  1112  1012     1    10   185
   11  1300  1288     1    11   186
   12  1444  1940     1    12   187
   13  1444  2080     1    13   188
   14  1388  2364     1    14   189
   15  1352  2580     1    15   190
   16  1080  2644     1    16   191
   17  1104  2488     1    17   192
   18  1212  2108     1    18   193
