point     x     y slice color    ID
    0  1152  2568     1     0   232
    1  1076  2396     1     1   233
    2  1032  2240     1     2   234
    3   956  1856     1     3   235
    4   916  1596     1     4   236
    5   880  1208     1     5   237
    6  1056   732     1     6   238
    7  1072   584     1     7   239
    8  1120   512     1     8   240
    9  1152   584     1     9   241
   10  1160   744     1    10   242
   11  1292  1028     1    11   243
   12  1416  1596     1    12   244
   13  1416  1812     1    13   245
   14  1400  2088     1    14   246
   15  1352  2336     1    15   247
   16  1116  2400     1    16   248
   17  1100  2224     1    17   249
   18  1168  1856     1    18   250
