point     x     y slice color    ID
    0  1016  2768     1     0   308
    1   988  2560     1     1   309
    2   968  2400     1     2   310
    3   912  1996     1     3   311
    4   880  1788     1     4   312
    5   848  1408     1     5   313
    6   928   904     1     6   314
    7   932   780     1     7   315
    8   972   700     1     8   316
    9  1024   768     1     9   317
   10  1044   872     1    10   318
   11  1248  1264     1    11   319
   12  1384  1792     1    12   320
   13  1396  1972     1    13   321
   14  1384  2216     1    14   322
   15  1312  2564     1    15   323
   16  1068  2568     1    16   324
   17  1056  2384     1    17   325
   18  1132  1980     1    18   326
