point     x     y slice color    ID
    0  1020  2920     1     0   251
    1   960  2696     1     1   252
    2   920  2528     1     2   253
    3   892  2052     1     3   254
    4   888  1808     1     4   255
    5   864  1388     1     5   256
    6   972   812     1     6   257
    7   996   588     1     7   258
    8  1040   524     1     8   259
    9  1112   592     1     9   260
   10  1124   772     1    10   261
   11  1300  1144     1    11   262
   12  1412  1792     1    12   263
   13  1428  2028     1    13   264
   14  1380  2412     1    14   265
   15  1312  2760     1    15   266
   16  1032  2716     1    16   267
   17  1016  2512     1    17   268
   18  1168  2020     1    18   269
