point     x     y slice color    ID
    0  2838  1178     1     0   343
    1  2655  1223     1     1   344
    2  2496  1247     1     2   345
    3  2076  1277     1     3   346
    4  1830  1289     1     4   347
    5  1479  1292     1     5   348
    6   999  1145     1     6   349
    7   852  1145     1     7   350
    8   765  1097     1     8   351
    9   852  1049     1     9   352
   10  1014  1025     1    10   353
   11  1377   899     1    11   354
   12  1875   812     1    12   355
   13  2091   824     1    13   356
   14  2343   836     1    14   357
   15  2574   863     1    15   358
   16  2652  1145     1    16   359
   17  2493  1142     1    17   360
   18  2043  1055     1    18   361
