point     x     y slice color    ID
    0  1000  2740     1     0   289
    1   972  2524     1     1   290
    2   932  2356     1     2   291
    3   916  1924     1     3   292
    4   916  1664     1     4   293
    5   932  1224     1     5   294
    6  1120   648     1     6   295
    7  1164   508     1     7   296
    8  1232   452     1     8   297
    9  1268   536     1     9   298
   10  1236   652     1    10   299
   11  1328  1080     1    11   300
   12  1436  1676     1    12   301
   13  1432  1908     1    13   302
   14  1424  2188     1    14   303
   15  1348  2540     1    15   304
   16  1028  2552     1    16   305
   17  1032  2356     1    17   306
   18  1136  1880     1    18   307
