point     x     y slice color    ID
    0   992  2792     1     0   327
    1   932  2548     1     1   328
    2   936  2352     1     2   329
    3   932  1864     1     3   330
    4   932  1624     1     4   331
    5   944  1240     1     5   332
    6  1056   652     1     6   333
    7  1056   456     1     7   334
    8  1104   380     1     8   335
    9  1148   452     1     9   336
   10  1216   688     1    10   337
   11  1340  1096     1    11   338
   12  1472  1688     1    12   339
   13  1464  1868     1    13   340
   14  1436  2224     1    14   341
   15  1332  2592     1    15   342
   16  1004  2556     1    16   343
   17  1008  2356     1    17   344
   18  1168  1852     1    18   345
