point     x     y slice color    ID
    0  1140  2772     1     0   194
    1  1104  2544     1     1   195
    2  1064  2372     1     2   196
    3  1040  2064     1     3   197
    4  1012  1780     1     4   198
    5   988  1424     1     5   199
    6   956   956     1     6   200
    7   920   800     1     7   201
    8   936   700     1     8   202
    9  1016   784     1     9   203
   10  1064   880     1    10   204
   11  1324  1252     1    11   205
   12  1456  1788     1    12   206
   13  1476  2060     1    13   207
   14  1464  2280     1    14   208
   15  1424  2556     1    15   209
   16  1180  2568     1    16   210
   17  1164  2368     1    17   211
   18  1252  2032     1    18   212
