point     x     y slice color    ID
    0  3034  1209     1     0   779
    1  2796  1253     1     1   780
    2  2590  1261     1     2   781
    3  2108  1269     1     3   782
    4  1866  1241     1     4   783
    5  1422  1211     1     5   784
    6   856  1059     1     6   785
    7   712  1071     1     7   786
    8   626  1033     1     8   787
    9   696   967     1     9   788
   10   864   939     1    10   789
   11  1292   795     1    11   790
   12  1896   733     1    12   791
   13  2110   729     1    13   792
   14  2490   779     1    14   793
   15  2940   997     1    15   794
   16  2800  1175     1    16   795
   17  2600  1171     1    17   796
   18  2088  1025     1    18   797
