point     x     y slice color    ID
    0  2836  1129     1     0   741
    1  2640  1143     1     1   742
    2  2464  1153     1     2   743
    3  1988  1199     1     3   744
    4  1706  1207     1     4   745
    5  1284  1223     1     5   746
    6   734  1095     1     6   747
    7   546  1111     1     7   748
    8   460  1091     1     8   749
    9   522  1009     1     9   750
   10   700   957     1    10   751
   11  1072   791     1    11   752
   12  1770   641     1    12   753
   13  2010   639     1    13   754
   14  2330   689     1    14   755
   15  2636   793     1    15   756
   16  2650  1067     1    16   757
   17  2470  1047     1    17   758
   18  1968   909     1    18   759
