point     x     y slice color    ID
    0  2757  1127     1     0   362
    1  2604  1205     1     1   363
    2  2439  1265     1     2   364
    3  2073  1328     1     3   365
    4  1803  1376     1     4   366
    5  1335  1358     1     5   367
    6   822  1163     1     6   368
    7   660  1112     1     7   369
    8   588  1058     1     8   370
    9   660  1019     1     9   371
   10   897  1010     1    10   372
   11  1188   914     1    11   373
   12  1821   833     1    12   374
   13  2094   839     1    13   375
   14  2337   887     1    14   376
   15  2547   932     1    15   377
   16  2601  1166     1    16   378
   17  2445  1172     1    17   379
   18  2028  1106     1    18   380
