point     x     y slice color    ID
    0  2734  1117     1     0   817
    1  2526  1179     1     1   818
    2  2332  1217     1     2   819
    3  1920  1271     1     3   820
    4  1682  1263     1     4   821
    5  1350  1243     1     5   822
    6   832  1115     1     6   823
    7   734  1109     1     7   824
    8   656  1085     1     8   825
    9   732  1019     1     9   826
   10   840   987     1    10   827
   11  1178   817     1    11   828
   12  1762   771     1    12   829
   13  1930   767     1    13   830
   14  2288   811     1    14   831
   15  2616   921     1    15   832
   16  2532  1123     1    16   833
   17  2340  1117     1    17   834
   18  1894  1015     1    18   835
