point     x     y slice color    ID
    0  1208  2680     1     0   408
    1  1088  2492     1     1   409
    2  1024  2320     1     2   410
    3   908  1920     1     3   411
    4   884  1664     1     4   412
    5   880  1228     1     5   413
    6  1044   768     1     6   414
    7  1072   620     1     7   415
    8  1136   524     1     8   416
    9  1184   612     1     9   417
   10  1164   748     1    10   418
   11  1284  1084     1    11   419
   12  1448  1676     1    12   420
   13  1452  1896     1    13   421
   14  1420  2128     1    14   422
   15  1380  2552     1    15   423
   16  1168  2484     1    16   424
   17  1152  2320     1    17   425
   18  1176  1896     1    18   426
