point     x     y slice color    ID
    0  2602  1295     1     0   760
    1  2438  1337     1     1   761
    2  2278  1359     1     2   762
    3  1904  1401     1     3   763
    4  1672  1413     1     4   764
    5  1330  1363     1     5   765
    6   916  1203     1     6   766
    7   714  1145     1     7   767
    8   658  1105     1     8   768
    9   738  1061     1     9   769
   10   874  1067     1    10   770
   11  1180   993     1    11   771
   12  1706   947     1    12   772
   13  1906   959     1    13   773
   14  2194   989     1    14   774
   15  2414  1049     1    15   775
   16  2438  1289     1    16   776
   17  2286  1293     1    17   777
   18  1882  1201     1    18   778
