point     x     y slice color    ID
    0  1044  2704     1     0   384
    1  1012  2496     1     1   385
    2   996  2324     1     2   386
    3   968  1928     1     3   387
    4   964  1736     1     4   388
    5   948  1444     1     5   389
    6  1040   932     1     6   390
    7  1044   808     1     7   391
    8  1068   716     1     8   392
    9  1144   788     1     9   393
   10  1152   912     1    10   394
   11  1368  1276     1    11   395
   12  1436  1752     1    12   396
   13  1440  1940     1    13   397
   14  1424  2192     1    14   398
   15  1400  2388     1    15   399
   16  1072  2500     1    16   400
   17  1072  2304     1    17   401
   18  1208  1936     1    18   402
