point     x     y slice color    ID
    0  2742  1019     1     0   798
    1  2580  1095     1     1   799
    2  2418  1133     1     2   800
    3  2052  1185     1     3   801
    4  1858  1193     1     4   802
    5  1488  1159     1     5   803
    6  1074   991     1     6   804
    7   892   899     1     7   805
    8   860   845     1     8   806
    9   938   827     1     9   807
   10  1046   847     1    10   808
   11  1366   799     1    11   809
   12  1918   723     1    12   810
   13  2074   737     1    13   811
   14  2352   805     1    14   812
   15  2656   895     1    15   813
   16  2590  1041     1    16   814
   17  2420  1047     1    17   815
   18  2076   979     1    18   816
