point     x     y slice color    ID
    0  2694  1148     1     0   381
    1  2523  1202     1     1   382
    2  2319  1208     1     2   383
    3  1902  1259     1     3   384
    4  1659  1247     1     4   385
    5  1287  1223     1     5   386
    6   810  1115     1     6   387
    7   615  1094     1     7   388
    8   546  1055     1     8   389
    9   612   998     1     9   390
   10   771   971     1    10   391
   11  1167   791     1    11   392
   12  1722   734     1    12   393
   13  1959   758     1    13   394
   14  2229   788     1    14   395
   15  2604   971     1    15   396
   16  2520  1133     1    16   397
   17  2340  1130     1    17   398
   18  1893  1022     1    18   399
