point     x     y slice color    ID
    0  2622  1029     1     0   836
    1  2410  1105     1     1   837
    2  2246  1147     1     2   838
    3  1914  1203     1     3   839
    4  1716  1231     1     4   840
    5  1420  1267     1     5   841
    6   918  1277     1     6   842
    7   792  1305     1     7   843
    8   716  1281     1     8   844
    9   768  1215     1     9   845
   10   878  1155     1    10   846
   11  1236   951     1    11   847
   12  1668   787     1    12   848
   13  1882   769     1    13   849
   14  2136   753     1    14   850
   15  2398   793     1    15   851
   16  2418  1047     1    16   852
   17  2252  1047     1    17   853
   18  1830  1003     1    18   854
