point     x     y slice color    ID
    0  2673  1145     1     0   438
    1  2496  1193     1     1   439
    2  2310  1211     1     2   440
    3  1992  1220     1     3   441
    4  1779  1229     1     4   442
    5  1449  1265     1     5   443
    6   978  1229     1     6   444
    7   759  1208     1     7   445
    8   690  1166     1     8   446
    9   771  1130     1     9   447
   10   921  1130     1    10   448
   11  1284   947     1    11   449
   12  1746   815     1    12   450
   13  1998   812     1    13   451
   14  2184   800     1    14   452
   15  2589   974     1    15   453
   16  2490  1121     1    16   454
   17  2316  1112     1    17   455
   18  1929  1025     1    18   456
