point     x     y slice color    ID
    0  2601  1232     1     0   457
    1  2415  1274     1     1   458
    2  2244  1280     1     2   459
    3  1857  1283     1     3   460
    4  1635  1298     1     4   461
    5  1314  1301     1     5   462
    6   843  1220     1     6   463
    7   681  1199     1     7   464
    8   606  1163     1     8   465
    9   675  1106     1     9   466
   10   816  1079     1    10   467
   11  1152   926     1    11   468
   12  1656   833     1    12   469
   13  1845   830     1    13   470
   14  2139   857     1    14   471
   15  2523  1070     1    15   472
   16  2412  1196     1    16   473
   17  2247  1193     1    17   474
   18  1839  1052     1    18   475
