point     x     y slice color    ID
    0  1124  2660     1     0   465
    1  1036  2476     1     1   466
    2   960  2344     1     2   467
    3   860  1916     1     3   468
    4   868  1684     1     4   469
    5   868  1368     1     5   470
    6   976   924     1     6   471
    7   992   704     1     7   472
    8  1024   632     1     8   473
    9  1080   700     1     9   474
   10  1120   900     1    10   475
   11  1288  1252     1    11   476
   12  1364  1708     1    12   477
   13  1348  1912     1    13   478
   14  1320  2184     1    14   479
   15  1280  2532     1    15   480
   16  1096  2476     1    16   481
   17  1088  2324     1    17   482
   18  1104  1908     1    18   483
