point     x     y slice color    ID
    0  1136  2708     1     0   597
    1  1048  2548     1     1   598
    2   984  2392     1     2   599
    3   904  1992     1     3   600
    4   916  1744     1     4   601
    5   956  1432     1     5   602
    6  1072   960     1     6   603
    7  1104   800     1     7   604
    8  1148   716     1     8   605
    9  1176   804     1     9   606
   10  1192   984     1    10   607
   11  1288  1324     1    11   608
   12  1332  1800     1    12   609
   13  1340  1988     1    13   610
   14  1324  2236     1    14   611
   15  1292  2576     1    15   612
   16  1092  2544     1    16   613
   17  1072  2376     1    17   614
   18  1104  1996     1    18   615
