point     x     y slice color    ID
    0  1204  2612     1     0   578
    1  1108  2452     1     1   579
    2  1032  2276     1     2   580
    3   956  1860     1     3   581
    4   944  1628     1     4   582
    5   972  1276     1     5   583
    6  1100   780     1     6   584
    7  1116   624     1     7   585
    8  1172   532     1     8   586
    9  1208   632     1     9   587
   10  1224   772     1    10   588
   11  1364  1056     1    11   589
   12  1432  1628     1    12   590
   13  1432  1852     1    13   591
   14  1388  2192     1    14   592
   15  1348  2504     1    15   593
   16  1160  2436     1    16   594
   17  1148  2264     1    17   595
   18  1144  1852     1    18   596
