point     x     y slice color    ID
    0  1188  2596     1     0   635
    1  1096  2412     1     1   636
    2  1020  2248     1     2   637
    3   924  1900     1     3   638
    4   916  1684     1     4   639
    5   896  1332     1     5   640
    6   968   908     1     6   641
    7   956   764     1     7   642
    8   964   696     1     8   643
    9  1028   724     1     9   644
   10  1108   880     1    10   645
   11  1256  1176     1    11   646
   12  1344  1696     1    12   647
   13  1372  1896     1    13   648
   14  1340  2148     1    14   649
   15  1292  2492     1    15   650
   16  1156  2412     1    16   651
   17  1136  2232     1    17   652
   18  1140  1868     1    18   653
