point     x     y slice color    ID
    0  1152  2856     1     0   446
    1  1068  2660     1     1   447
    2  1012  2468     1     2   448
    3   960  2028     1     3   449
    4   984  1816     1     4   450
    5  1020  1464     1     5   451
    6  1124   936     1     6   452
    7  1096   792     1     7   453
    8  1096   688     1     8   454
    9  1184   748     1     9   455
   10  1280   968     1    10   456
   11  1420  1380     1    11   457
   12  1440  1872     1    12   458
   13  1452  2024     1    13   459
   14  1396  2412     1    14   460
   15  1324  2736     1    15   461
   16  1136  2664     1    16   462
   17  1132  2468     1    17   463
   18  1160  2040     1    18   464
