point     x     y slice color    ID
    0  1060  2820     1     0   616
    1   980  2652     1     1   617
    2   916  2496     1     2   618
    3   832  2064     1     3   619
    4   848  1844     1     4   620
    5   864  1496     1     5   621
    6  1004  1016     1     6   622
    7  1016   856     1     7   623
    8  1068   792     1     8   624
    9  1104   860     1     9   625
   10  1140  1024     1    10   626
   11  1244  1376     1    11   627
   12  1308  1880     1    12   628
   13  1304  2056     1    13   629
   14  1292  2352     1    14   630
   15  1228  2712     1    15   631
   16  1028  2648     1    16   632
   17  1028  2480     1    17   633
   18  1028  2092     1    18   634
