point     x     y slice color    ID
    0  1156  2712     1     0   654
    1  1084  2552     1     1   655
    2  1024  2412     1     2   656
    3   944  2004     1     3   657
    4   948  1728     1     4   658
    5  1012  1352     1     5   659
    6  1152   912     1     6   660
    7  1176   732     1     7   661
    8  1244   660     1     8   662
    9  1268   748     1     9   663
   10  1276   908     1    10   664
   11  1388  1268     1    11   665
   12  1396  1772     1    12   666
   13  1420  1960     1    13   667
   14  1408  2156     1    14   668
   15  1332  2608     1    15   669
   16  1160  2568     1    16   670
   17  1132  2388     1    17   671
   18  1188  1992     1    18   672
