point     x     y slice color    ID
    0  1116  2684     1     0   692
    1  1024  2520     1     1   693
    2   976  2348     1     2   694
    3   892  1948     1     3   695
    4   900  1688     1     4   696
    5   932  1360     1     5   697
    6  1004   876     1     6   698
    7  1012   688     1     7   699
    8  1028   588     1     8   700
    9  1096   664     1     9   701
   10  1132   828     1    10   702
   11  1296  1244     1    11   703
   12  1352  1732     1    12   704
   13  1352  1916     1    13   705
   14  1336  2236     1    14   706
   15  1260  2568     1    15   707
   16  1096  2508     1    16   708
   17  1096  2336     1    17   709
   18  1104  1916     1    18   710
