point     x     y slice color    ID
    0  1120  2672     1     0   787
    1  1072  2508     1     1   788
    2   976  2356     1     2   789
    3   892  1968     1     3   790
    4   884  1744     1     4   791
    5   884  1416     1     5   792
    6   932   960     1     6   793
    7   900   804     1     7   794
    8   904   720     1     8   795
    9   964   776     1     9   796
   10  1052   912     1    10   797
   11  1216  1280     1    11   798
   12  1340  1748     1    12   799
   13  1328  1936     1    13   800
   14  1320  2244     1    14   801
   15  1284  2524     1    15   802
   16  1120  2496     1    16   803
   17  1100  2348     1    17   804
   18  1084  1944     1    18   805
