point     x     y slice color    ID
    0  1192  2788     1     0   749
    1  1064  2564     1     1   750
    2  1016  2428     1     2   751
    3   928  1992     1     3   752
    4   932  1792     1     4   753
    5   976  1428     1     5   754
    6  1072   976     1     6   755
    7  1084   820     1     7   756
    8  1108   736     1     8   757
    9  1180   816     1     9   758
   10  1200   956     1    10   759
   11  1336  1316     1    11   760
   12  1400  1796     1    12   761
   13  1404  1984     1    13   762
   14  1368  2296     1    14   763
   15  1320  2644     1    15   764
   16  1132  2580     1    16   765
   17  1128  2392     1    17   766
   18  1136  1984     1    18   767
