point     x     y slice color    ID
    0  1120  2628     1     0   730
    1  1032  2460     1     1   731
    2   988  2308     1     2   732
    3   920  1896     1     3   733
    4   944  1652     1     4   734
    5   984  1384     1     5   735
    6  1068   960     1     6   736
    7  1076   780     1     7   737
    8  1072   684     1     8   738
    9  1140   736     1     9   739
   10  1236   976     1    10   740
   11  1324  1300     1    11   741
   12  1344  1704     1    12   742
   13  1356  1908     1    13   743
   14  1316  2224     1    14   744
   15  1256  2524     1    15   745
   16  1088  2464     1    16   746
   17  1092  2296     1    17   747
   18  1128  1904     1    18   748
