point     x     y slice color    ID
    0  1136  3028     1     0   673
    1  1044  2848     1     1   674
    2   972  2712     1     2   675
    3   876  2252     1     3   676
    4   872  2036     1     4   677
    5   912  1692     1     5   678
    6  1024  1136     1     6   679
    7  1036   972     1     7   680
    8  1084   888     1     8   681
    9  1128   960     1     9   682
   10  1144  1128     1    10   683
   11  1284  1532     1    11   684
   12  1332  2032     1    12   685
   13  1340  2220     1    13   686
   14  1324  2524     1    14   687
   15  1284  2888     1    15   688
   16  1104  2860     1    16   689
   17  1084  2688     1    17   690
   18  1096  2264     1    18   691
