point     x     y slice color    ID
    0  1192  2460     1     0   882
    1  1096  2284     1     1   883
    2  1040  2124     1     2   884
    3   928  1788     1     3   885
    4   920  1568     1     4   886
    5   940  1240     1     5   887
    6   996   964     1     6   888
    7  1068   684     1     7   889
    8  1112   592     1     8   890
    9  1148   656     1     9   891
   10  1160   800     1    10   892
   11  1272  1156     1    11   893
   12  1340  1568     1    12   894
   13  1348  1756     1    13   895
   14  1344  2028     1    14   896
   15  1312  2344     1    15   897
   16  1152  2284     1    16   898
   17  1140  2112     1    17   899
   18  1136  1756     1    18   900
