point     x     y slice color    ID
    0  1292  2784     1     0   863
    1  1200  2616     1     1   864
    2  1136  2464     1     2   865
    3  1036  2016     1     3   866
    4  1044  1804     1     4   867
    5  1048  1476     1     5   868
    6  1148   976     1     6   869
    7  1132   832     1     7   870
    8  1128   720     1     8   871
    9  1208   788     1     9   872
   10  1268   964     1    10   873
   11  1420  1344     1    11   874
   12  1472  1820     1    12   875
   13  1488  2016     1    13   876
   14  1460  2360     1    14   877
   15  1428  2652     1    15   878
   16  1252  2604     1    16   879
   17  1240  2436     1    17   880
   18  1248  2036     1    18   881
