point     x     y slice color    ID
    0  1428  2716     1     0   901
    1  1284  2500     1     1   902
    2  1220  2344     1     2   903
    3  1076  1908     1     3   904
    4  1072  1664     1     4   905
    5  1092  1276     1     5   906
    6  1264   744     1     6   907
    7  1316   556     1     7   908
    8  1380   500     1     8   909
    9  1392   588     1     9   910
   10  1384   736     1    10   911
   11  1492  1164     1    11   912
   12  1564  1676     1    12   913
   13  1568  1868     1    13   914
   14  1564  2232     1    14   915
   15  1552  2560     1    15   916
   16  1376  2508     1    16   917
   17  1328  2312     1    17   918
