point     x     y slice color    ID
    0  1140  2852     1     0   919
    1  1032  2684     1     1   920
    2   952  2528     1     2   921
    3   868  2140     1     3   922
    4   860  1876     1     4   923
    5   892  1532     1     5   924
    6  1032  1032     1     6   925
    7  1048   848     1     7   926
    8  1092   776     1     8   927
    9  1136   856     1     9   928
   10  1148  1036     1    10   929
   11  1264  1456     1    11   930
   12  1320  1900     1    12   931
   13  1324  2108     1    13   932
   14  1304  2400     1    14   933
   15  1268  2732     1    15   934
   16  1100  2680     1    16   935
   17  1072  2488     1    17   936
   18  1048  2140     1    18   937
