point     x     y slice color    ID
    0  1084  2928     1     0   938
    1   996  2744     1     1   939
    2   920  2600     1     2   940
    3   824  2172     1     3   941
    4   808  1900     1     4   942
    5   832  1584     1     5   943
    6   956  1024     1     6   944
    7   972   880     1     7   945
    8  1016   804     1     8   946
    9  1060   872     1     9   947
   10  1076  1036     1    10   948
   11  1216  1464     1    11   949
   12  1280  1924     1    12   950
   13  1296  2176     1    13   951
   14  1276  2452     1    14   952
   15  1236  2812     1    15   953
   16  1060  2740     1    16   954
   17  1040  2568     1    17   955
   18  1060  2148     1    18   956
