point     x     y slice color    ID
    0  1064  2892     1     0   976
    1   952  2688     1     1   977
    2   876  2540     1     2   978
    3   796  2084     1     3   979
    4   808  1836     1     4   980
    5   868  1456     1     5   981
    6   996   988     1     6   982
    7  1028   776     1     7   983
    8  1060   668     1     8   984
    9  1124   752     1     9   985
   10  1132   956     1    10   986
   11  1260  1344     1    11   987
   12  1296  1892     1    12   988
   13  1288  2092     1    13   989
   14  1256  2436     1    14   990
   15  1212  2748     1    15   991
   16  1004  2664     1    16   992
   17   996  2496     1    17   993
   18  1012  2064     1    18   994
