point     x     y slice color    ID
    0  1208  2644     1     0   995
    1  1104  2444     1     1   996
    2  1044  2308     1     2   997
    3   940  1888     1     3   998
    4   936  1628     1     4   999
    5   960  1264     1     5  1000
    6  1032   764     1     6  1001
    7  1060   620     1     7  1002
    8  1084   544     1     8  1003
    9  1132   612     1     9  1004
   10  1164   760     1    10  1005
   11  1332  1164     1    11  1006
   12  1412  1644     1    12  1007
   13  1420  1856     1    13  1008
   14  1416  2172     1    14  1009
   15  1376  2532     1    15  1010
   16  1176  2452     1    16  1011
   17  1172  2280     1    17  1012
