point     x     y slice color    ID
    0   958  1402     1     0    58
    1  1186  1285     1     1    59
    2  1411  1195     1     2    60
    3  1879  1123     1     3    61
    4  2164  1138     1     4    62
    5  2533  1174     1     5    63
    6  3124  1297     1     6    64
    7  3313  1288     1     7    65
    8  3415  1315     1     8    66
    9  3328  1378     1     9    67
   10  3133  1429     1    10    68
   11  2695  1570     1    11    69
   12  2101  1618     1    12    70
   13  1837  1651     1    13    71
   14  1489  1618     1    14    72
   15  1117  1579     1    15    73
   16  1171  1345     1    16    74
   17  1405  1342     1    17    75
   18  1897  1369     1    18    76
