point     x     y slice color    ID
    0   889  1528     1     0   190
    1  1144  1393     1     1   191
    2  1360  1309     1     2   192
    3  1828  1198     1     3   193
    4  2134  1216     1     4   194
    5  2542  1267     1     5   195
    6  3022  1363     1     6   196
    7  3382  1414     1     7   197
    8  3466  1444     1     8   198
    9  3382  1507     1     9   199
   10  3172  1540     1    10   200
   11  2686  1675     1    11   201
   12  2053  1702     1    12   202
   13  1795  1762     1    13   203
   14  1438  1738     1    14   204
   15  1069  1696     1    15   205
   16  1132  1477     1    16   206
   17  1372  1447     1    17   207
   18  1831  1474     1    18   208
