point     x     y slice color    ID
    0  1015  1435     1     0   153
    1  1219  1300     1     1   154
    2  1414  1222     1     2   155
    3  1804  1126     1     3   156
    4  2014  1123     1     4   157
    5  2371  1147     1     5   158
    6  2911  1282     1     6   159
    7  3088  1279     1     7   160
    8  3142  1324     1     8   161
    9  3076  1375     1     9   162
   10  2938  1405     1    10   163
   11  2539  1537     1    11   164
   12  2008  1582     1    12   165
   13  1756  1615     1    13   166
   14  1513  1597     1    14   167
   15  1165  1576     1    15   168
   16  1225  1396     1    16   169
   17  1420  1390     1    17   170
