point     x     y slice color    ID
    0   676  1468     1     0    20
    1   877  1369     1     1    21
    2  1060  1279     1     2    22
    3  1546  1192     1     3    23
    4  1810  1213     1     4    24
    5  2209  1252     1     5    25
    6  2701  1330     1     6    26
    7  2935  1309     1     7    27
    8  3022  1348     1     8    28
    9  2971  1414     1     9    29
   10  2758  1498     1    10    30
   11  2368  1684     1    11    31
   12  1705  1720     1    12    32
   13  1471  1720     1    13    33
   14  1213  1687     1    14    34
   15   838  1624     1    15    35
   16   877  1438     1    16    36
   17  1054  1438     1    17    37
   18  1522  1477     1    18    38
