point     x     y slice color    ID
    0   892  1459     1     0   171
    1  1087  1345     1     1   172
    2  1267  1270     1     2   173
    3  1714  1186     1     3   174
    4  1975  1198     1     4   175
    5  2377  1216     1     5   176
    6  2908  1285     1     6   177
    7  3094  1279     1     7   178
    8  3139  1306     1     8   179
    9  3094  1369     1     9   180
   10  2938  1408     1    10   181
   11  2575  1579     1    11   182
   12  1924  1669     1    12   183
   13  1690  1672     1    13   184
   14  1360  1651     1    14   185
   15  1018  1597     1    15   186
   16  1084  1420     1    16   187
   17  1264  1417     1    17   188
   18  1726  1405     1    18   189
