point     x     y slice color    ID
    0   763  1363     1     0    39
    1   994  1204     1     1    40
    2  1198  1111     1     2    41
    3  1582  1009     1     3    42
    4  1858  1018     1     4    43
    5  2236  1057     1     5    44
    6  2767  1207     1     6    45
    7  2980  1222     1     7    46
    8  3085  1255     1     8    47
    9  2995  1312     1     9    48
   10  2782  1363     1    10    49
   11  2356  1456     1    11    50
   12  1786  1528     1    12    51
   13  1555  1540     1    13    52
   14  1312  1519     1    14    53
   15   940  1498     1    15    54
   16  1000  1306     1    16    55
   17  1204  1291     1    17    56
   18  1651  1270     1    18    57
