point     x     y slice color    ID
    0  1060  1294     1     0   247
    1  1270  1195     1     1   248
    2  1456  1138     1     2   249
    3  1885  1063     1     3   250
    4  2089  1084     1     4   251
    5  2407  1114     1     5   252
    6  2899  1198     1     6   253
    7  3091  1189     1     7   254
    8  3148  1216     1     8   255
    9  3076  1288     1     9   256
   10  2911  1333     1    10   257
   11  2548  1477     1    11   258
   12  2044  1537     1    12   259
   13  1852  1522     1    13   260
   14  1522  1498     1    14   261
   15  1207  1438     1    15   262
   16  1276  1255     1    16   263
   17  1456  1255     1    17   264
   18  1873  1279     1    18   265
