point     x     y slice color    ID
    0   631  1426     1     0   342
    1   850  1279     1     1   343
    2  1063  1177     1     2   344
    3  1549  1051     1     3   345
    4  1867  1057     1     4   346
    5  2305  1102     1     5   347
    6  2947  1240     1     6   348
    7  3175  1276     1     7   349
    8  3277  1333     1     8   350
    9  3157  1378     1     9   351
   10  2986  1399     1    10   352
   11  2506  1540     1    11   353
   12  1801  1594     1    12   354
   13  1546  1627     1    13   355
   14  1237  1609     1    14   356
   15   817  1573     1    15   357
   16   865  1345     1    16   358
   17  1069  1336     1    17   359
   18  1531  1366     1    18   360
