point     x     y slice color    ID
    0  1117  1357     1     0   228
    1  1285  1282     1     1   229
    2  1447  1234     1     2   230
    3  1798  1168     1     3   231
    4  1978  1183     1     4   232
    5  2248  1210     1     5   233
    6  2668  1288     1     6   234
    7  2821  1291     1     7   235
    8  2902  1312     1     8   236
    9  2830  1351     1     9   237
   10  2683  1384     1    10   238
   11  2377  1522     1    11   239
   12  1954  1579     1    12   240
   13  1747  1570     1    13   241
   14  1519  1540     1    14   242
   15  1246  1492     1    15   243
   16  1291  1336     1    16   244
   17  1450  1330     1    17   245
   18  1798  1348     1    18   246
