point     x     y slice color    ID
    0   964  1429     1     0   361
    1  1159  1330     1     1   362
    2  1342  1240     1     2   363
    3  1747  1168     1     3   364
    4  1948  1183     1     4   365
    5  2272  1228     1     5   366
    6  2713  1309     1     6   367
    7  2899  1324     1     7   368
    8  2971  1357     1     8   369
    9  2899  1399     1     9   370
   10  2737  1432     1    10   371
   11  2407  1543     1    11   372
   12  1915  1621     1    12   373
   13  1687  1630     1    13   374
   14  1423  1597     1    14   375
   15  1096  1552     1    15   376
   16  1159  1384     1    16   377
   17  1348  1378     1    17   378
   18  1753  1399     1    18   379
