point     x     y slice color    ID
    0   832  1348     1     0   494
    1  1021  1216     1     1   495
    2  1219  1123     1     2   496
    3  1702  1030     1     3   497
    4  1960  1051     1     4   498
    5  2416  1153     1     5   499
    6  2917  1318     1     6   500
    7  3100  1348     1     7   501
    8  3205  1393     1     8   502
    9  3127  1438     1     9   503
   10  2911  1465     1    10   504
   11  2560  1549     1    11   505
   12  1915  1552     1    12   506
   13  1657  1555     1    13   507
   14  1306  1513     1    14   508
   15   967  1489     1    15   509
   16  1021  1291     1    16   510
   17  1207  1279     1    17   511
   18  1690  1267     1    18   512
