point     x     y slice color    ID
    0  1102  1357     1     0   570
    1  1285  1261     1     1   571
    2  1498  1174     1     2   572
    3  1933  1078     1     3   573
    4  2197  1108     1     4   574
    5  2512  1132     1     5   575
    6  2995  1270     1     6   576
    7  3271  1357     1     7   577
    8  3313  1414     1     8   578
    9  3211  1429     1     9   579
   10  3007  1438     1    10   580
   11  2677  1534     1    11   581
   12  2122  1594     1    12   582
   13  1924  1600     1    13   583
   14  1600  1564     1    14   584
   15  1270  1507     1    15   585
   16  1300  1330     1    16   586
   17  1501  1318     1    17   587
   18  1951  1330     1    18   588
