point     x     y slice color    ID
    0   748  1483     1     0   475
    1   937  1378     1     1   476
    2  1138  1285     1     2   477
    3  1558  1207     1     3   478
    4  1846  1216     1     4   479
    5  2233  1288     1     5   480
    6  2824  1414     1     6   481
    7  3073  1435     1     7   482
    8  3172  1477     1     8   483
    9  3079  1513     1     9   484
   10  2857  1552     1    10   485
   11  2419  1684     1    11   486
   12  1777  1711     1    12   487
   13  1516  1717     1    13   488
   14  1171  1669     1    14   489
   15   874  1627     1    15   490
   16   940  1459     1    16   491
   17  1147  1447     1    17   492
   18  1600  1441     1    18   493
