point     x     y slice color    ID
    0   823  1456     1     0   589
    1   997  1327     1     1   590
    2  1177  1228     1     2   591
    3  1621  1114     1     3   592
    4  1882  1114     1     4   593
    5  2308  1177     1     5   594
    6  2839  1315     1     6   595
    7  2992  1303     1     7   596
    8  3073  1330     1     8   597
    9  3022  1399     1     9   598
   10  2860  1435     1    10   599
   11  2479  1585     1    11   600
   12  1822  1633     1    12   601
   13  1621  1633     1    13   602
   14  1297  1600     1    14   603
   15   943  1576     1    15   604
   16  1009  1411     1    16   605
   17  1204  1414     1    17   606
   18  1669  1414     1    18   607
