point     x     y slice color    ID
    0  1093  1309     1     0   532
    1  1291  1219     1     1   533
    2  1498  1159     1     2   534
    3  1972  1108     1     3   535
    4  2233  1132     1     4   536
    5  2668  1177     1     5   537
    6  3196  1267     1     6   538
    7  3376  1225     1     7   539
    8  3472  1237     1     8   540
    9  3427  1297     1     9   541
   10  3208  1408     1    10   542
   11  2887  1603     1    11   543
   12  2119  1696     1    12   544
   13  1921  1666     1    13   545
   14  1540  1564     1    14   546
   15  1204  1462     1    15   547
   16  1291  1315     1    16   548
   17  1483  1318     1    17   549
   18  1948  1390     1    18   550
