point     x     y slice color    ID
    0   727  1507     1     0   418
    1   922  1372     1     1   419
    2  1123  1285     1     2   420
    3  1591  1162     1     3   421
    4  1888  1150     1     4   422
    5  2350  1186     1     5   423
    6  2953  1375     1     6   424
    7  3190  1444     1     7   425
    8  3271  1516     1     8   426
    9  3175  1543     1     9   427
   10  2968  1534     1    10   428
   11  2533  1639     1    11   429
   12  1807  1696     1    12   430
   13  1561  1702     1    13   431
   14  1207  1669     1    14   432
   15   871  1642     1    15   433
   16   922  1432     1    16   434
   17  1126  1423     1    17   435
   18  1612  1411     1    18   436
