point     x     y slice color    ID
    0   901  1309     1     0   513
    1  1123  1216     1     1   514
    2  1315  1153     1     2   515
    3  1750  1063     1     3   516
    4  2011  1075     1     4   517
    5  2416  1120     1     5   518
    6  2950  1270     1     6   519
    7  3130  1297     1     7   520
    8  3232  1336     1     8   521
    9  3130  1387     1     9   522
   10  2986  1408     1    10   523
   11  2533  1549     1    11   524
   12  1933  1612     1    12   525
   13  1720  1594     1    13   526
   14  1375  1540     1    14   527
   15  1057  1477     1    15   528
   16  1129  1285     1    16   529
   17  1312  1282     1    17   530
   18  1771  1336     1    18   531
