point     x     y slice color    ID
    0  1096  1483     1     0   437
    1  1276  1372     1     1   438
    2  1459  1300     1     2   439
    3  1945  1204     1     3   440
    4  2176  1216     1     4   441
    5  2596  1267     1     5   442
    6  3160  1303     1     6   443
    7  3325  1276     1     7   444
    8  3442  1285     1     8   445
    9  3361  1363     1     9   446
   10  3136  1471     1    10   447
   11  2806  1675     1    11   448
   12  2098  1747     1    12   449
   13  1918  1735     1    13   450
   14  1567  1690     1    14   451
   15  1216  1621     1    15   452
   16  1276  1453     1    16   453
   17  1465  1459     1    17   454
   18  1936  1492     1    18   455
