point     x     y slice color    ID
    0   970  1462     1     0   456
    1  1162  1345     1     1   457
    2  1333  1279     1     2   458
    3  1765  1180     1     3   459
    4  2017  1195     1     4   460
    5  2434  1219     1     5   461
    6  2950  1318     1     6   462
    7  3106  1300     1     7   463
    8  3202  1324     1     8   464
    9  3136  1390     1     9   465
   10  2956  1447     1    10   466
   11  2545  1627     1    11   467
   12  1996  1687     1    12   468
   13  1726  1678     1    13   469
   14  1411  1645     1    14   470
   15  1108  1594     1    15   471
   16  1159  1414     1    16   472
   17  1345  1393     1    17   473
   18  1777  1390     1    18   474
