point     x     y slice color    ID
    0   607  1585     1     0   608
    1   814  1468     1     1   609
    2  1021  1378     1     2   610
    3  1546  1234     1     3   611
    4  1867  1231     1     4   612
    5  2440  1285     1     5   613
    6  3043  1489     1     6   614
    7  3265  1573     1     7   615
    8  3310  1639     1     8   616
    9  3253  1666     1     9   617
   10  3064  1657     1    10   618
   11  2674  1759     1    11   619
   12  1804  1834     1    12   620
   13  1525  1837     1    13   621
   14  1132  1795     1    14   622
   15   766  1741     1    15   623
   16   817  1543     1    16   624
   17  1018  1540     1    17   625
   18  1555  1549     1    18   626
