point     x     y slice color    ID
    0  1015  1477     1     0   644
    1  1189  1375     1     1   645
    2  1366  1294     1     2   646
    3  1792  1204     1     3   647
    4  2044  1198     1     4   648
    5  2389  1246     1     5   649
    6  2854  1369     1     6   650
    7  3061  1372     1     7   651
    8  3151  1396     1     8   652
    9  3067  1465     1     9   653
   10  2878  1495     1    10   654
   11  2536  1615     1    11   655
   12  1975  1678     1    12   656
   13  1762  1687     1    13   657
   14  1456  1660     1    14   658
   15  1171  1615     1    15   659
   16  1195  1432     1    16   660
   17  1363  1438     1    17   661
   18  1762  1441     1    18   662
