point     x     y slice color    ID
    0   760  1612     1     0   663
    1   952  1462     1     1   664
    2  1138  1360     1     2   665
    3  1624  1216     1     3   666
    4  1891  1198     1     4   667
    5  2350  1222     1     5   668
    6  2980  1435     1     6   669
    7  3223  1516     1     7   670
    8  3304  1594     1     8   671
    9  3235  1615     1     9   672
   10  3001  1573     1    10   673
   11  2563  1645     1    11   674
   12  1816  1744     1    12   675
   13  1624  1759     1    13   676
   14  1312  1747     1    14   677
   15   889  1729     1    15   678
   16   958  1567     1    16   679
   17  1138  1543     1    17   680
   18  1579  1525     1    18   681
