point     x     y slice color    ID
    0   802  1297     1     0   701
    1   991  1216     1     1   702
    2  1177  1138     1     2   703
    3  1636  1069     1     3   704
    4  1897  1081     1     4   705
    5  2263  1123     1     5   706
    6  2734  1192     1     6   707
    7  2920  1180     1     7   708
    8  3001  1204     1     8   709
    9  2944  1255     1     9   710
   10  2791  1324     1    10   711
   11  2380  1465     1    11   712
   12  1822  1546     1    12   713
   13  1636  1549     1    13   714
   14  1264  1522     1    14   715
   15   955  1453     1    15   716
   16   997  1276     1    16   717
   17  1171  1270     1    17   718
   18  1597  1330     1    18   719
