point     x     y slice color    ID
    0  2634  1071     1     0  1026
    1  2484  1155     1     1  1027
    2  2338  1203     1     2  1028
    3  1988  1287     1     3  1029
    4  1764  1303     1     4  1030
    5  1470  1301     1     5  1031
    6  1042  1227     1     6  1032
    7   894  1201     1     7  1033
    8   836  1157     1     8  1034
    9   888  1125     1     9  1035
   10  1006  1111     1    10  1036
   11  1276   993     1    11  1037
   12  1810   877     1    12  1038
   13  1996   885     1    13  1039
   14  2276   915     1    14  1040
   15  2532   951     1    15  1041
   16  2488  1101     1    16  1042
   17  2330  1109     1    17  1043
   18  1984  1093     1    18  1044
