point     x     y slice color    ID
    0  2364   895     1     0   874
    1  2220   981     1     1   875
    2  2074  1035     1     2   876
    3  1790  1097     1     3   877
    4  1592  1099     1     4   878
    5  1344  1091     1     5   879
    6   948   995     1     6   880
    7   812   947     1     7   881
    8   756   909     1     8   882
    9   818   881     1     9   883
   10   942   887     1    10   884
   11  1218   809     1    11   885
   12  1636   747     1    12   886
   13  1782   753     1    13   887
   14  2018   773     1    14   888
   15  2248   789     1    15   889
   16  2222   919     1    16   890
   17  2074   917     1    17   891
   18  1790   929     1    18   892
