point     x     y slice color    ID
    0  2632  1005     1     0   912
    1  2512  1097     1     1   913
    2  2358  1147     1     2   914
    3  2078  1211     1     3   915
    4  1908  1219     1     4   916
    5  1670  1223     1     5   917
    6  1304  1135     1     6   918
    7  1186  1121     1     7   919
    8  1156  1099     1     8   920
    9  1198  1065     1     9   921
   10  1300  1047     1    10   922
   11  1542   957     1    11   923
   12  1902   887     1    12   924
   13  2088   879     1    13   925
   14  2302   875     1    14   926
   15  2532   915     1    15   927
   16  2504  1053     1    16   928
   17  2360  1065     1    17   929
   18  2070  1073     1    18   930
