point     x     y slice color    ID
    0  2460  1013     1     0   988
    1  2288  1095     1     1   989
    2  2120  1139     1     2   990
    3  1796  1213     1     3   991
    4  1614  1207     1     4   992
    5  1360  1185     1     5   993
    6   914  1075     1     6   994
    7   788  1071     1     7   995
    8   708  1059     1     8   996
    9   762  1011     1     9   997
   10   882   969     1    10   998
   11  1200   843     1    11   999
   12  1640   791     1    12  1000
   13  1806   797     1    13  1001
   14  2068   841     1    14  1002
   15  2334   883     1    15  1003
   16  2292  1033     1    16  1004
   17  2122  1041     1    17  1005
   18  1788  1019     1    18  1006
