point     x     y slice color    ID
    0  2470  1253     1     0   950
    1  2316  1301     1     1   951
    2  2178  1321     1     2   952
    3  1862  1363     1     3   953
    4  1698  1363     1     4   954
    5  1438  1323     1     5   955
    6  1058  1211     1     6   956
    7   928  1197     1     7   957
    8   874  1165     1     8   958
    9   928  1131     1     9   959
   10  1068  1119     1    10   960
   11  1300  1023     1    11   961
   12  1724   957     1    12   962
   13  1876   971     1    13   963
   14  2148  1055     1    14   964
   15  2380  1133     1    15   965
   16  2322  1239     1    16   966
   17  2174  1229     1    17   967
   18  1880  1185     1    18   968
