point     x     y slice color    ID
    0  2320   991     1     0  1045
    1  2190  1067     1     1  1046
    2  2038  1115     1     2  1047
    3  1718  1179     1     3  1048
    4  1504  1189     1     4  1049
    5  1196  1195     1     5  1050
    6   770  1143     1     6  1051
    7   606  1117     1     7  1052
    8   554  1085     1     8  1053
    9   608  1053     1     9  1054
   10   736  1037     1    10  1055
   11  1006   917     1    11  1056
   12  1540   811     1    12  1057
   13  1708   821     1    13  1058
   14  1972   851     1    14  1059
   15  2230   889     1    15  1060
   16  2188  1015     1    16  1061
   17  2034  1035     1    17  1062
   18  1718  1021     1    18  1063
