point     x     y slice color    ID
    0  2604  1237     1     0  1007
    1  2454  1279     1     1  1008
    2  2310  1299     1     2  1009
    3  2010  1313     1     3  1010
    4  1836  1309     1     4  1011
    5  1580  1281     1     5  1012
    6  1238  1197     1     6  1013
    7  1090  1167     1     7  1014
    8  1032  1119     1     8  1015
    9  1092  1097     1     9  1016
   10  1216  1111     1    10  1017
   11  1484  1011     1    11  1018
   12  1864   975     1    12  1019
   13  2032   969     1    13  1020
   14  2226   993     1    14  1021
   15  2488  1061     1    15  1022
   16  2460  1217     1    16  1023
   17  2302  1221     1    17  1024
   18  1996  1141     1    18  1025
