point     x     y slice color    ID
    0  2506  1015     1     0   969
    1  2342  1095     1     1   970
    2  2190  1145     1     2   971
    3  1860  1219     1     3   972
    4  1628  1225     1     4   973
    5  1306  1221     1     5   974
    6   830  1137     1     6   975
    7   710  1139     1     7   976
    8   650  1111     1     8   977
    9   690  1073     1     9   978
   10   848  1039     1    10   979
   11  1110   913     1    11   980
   12  1648   805     1    12   981
   13  1852   815     1    13   982
   14  2102   841     1    14   983
   15  2416   907     1    15   984
   16  2338  1025     1    16   985
   17  2172  1037     1    17   986
   18  1826  1045     1    18   987
