point     x     y slice color    ID
    0  2598   999     1     0  1102
    1  2438  1097     1     1  1103
    2  2288  1145     1     2  1104
    3  1992  1207     1     3  1105
    4  1806  1205     1     4  1106
    5  1576  1201     1     5  1107
    6  1182  1123     1     6  1108
    7  1058  1119     1     7  1109
    8   986  1091     1     8  1110
    9  1034  1053     1     9  1111
   10  1174  1019     1    10  1112
   11  1444   899     1    11  1113
   12  1788   833     1    12  1114
   13  2002   841     1    13  1115
   14  2208   851     1    14  1116
   15  2494   889     1    15  1117
   16  2438  1029     1    16  1118
   17  2290  1029     1    17  1119
   18  1986  1031     1    18  1120
