point     x     y slice color    ID
    0  2668  1149     1     0  1064
    1  2492  1213     1     1  1065
    2  2328  1241     1     2  1066
    3  1974  1281     1     3  1067
    4  1756  1285     1     4  1068
    5  1410  1267     1     5  1069
    6   960  1175     1     6  1070
    7   800  1127     1     7  1071
    8   746  1087     1     8  1072
    9   800  1061     1     9  1073
   10   920  1059     1    10  1074
   11  1212   953     1    11  1075
   12  1760   855     1    12  1076
   13  1980   861     1    13  1077
   14  2286   909     1    14  1078
   15  2560  1011     1    15  1079
   16  2488  1155     1    16  1080
   17  2328  1143     1    17  1081
   18  1978  1097     1    18  1082
