point     x     y slice color    ID
    0  2412  1189     1     0  1235
    1  2266  1243     1     1  1236
    2  2124  1269     1     2  1237
    3  1816  1289     1     3  1238
    4  1638  1285     1     4  1239
    5  1386  1255     1     5  1240
    6   952  1169     1     6  1241
    7   856  1181     1     7  1242
    8   806  1155     1     8  1243
    9   874  1117     1     9  1244
   10   990  1073     1    10  1245
   11  1220   985     1    11  1246
   12  1722   913     1    12  1247
   13  1838   923     1    13  1248
   14  2074   983     1    14  1249
   15  2356  1075     1    15  1250
   16  2274  1175     1    16  1251
   17  2122  1171     1    17  1252
   18  1860  1109     1    18  1253
