point     x     y slice color    ID
    0  2340  1139     1     0  1254
    1  2196  1209     1     1  1255
    2  2060  1241     1     2  1256
    3  1740  1303     1     3  1257
    4  1546  1299     1     4  1258
    5  1258  1267     1     5  1259
    6   880  1147     1     6  1260
    7   788  1127     1     7  1261
    8   740  1089     1     8  1262
    9   800  1061     1     9  1263
   10   880  1049     1    10  1264
   11  1174   953     1    11  1265
   12  1602   931     1    12  1266
   13  1730   937     1    13  1267
   14  1938   971     1    14  1268
   15  2230  1013     1    15  1269
   16  2206  1129     1    16  1270
   17  2056  1135     1    17  1271
   18  1746  1115     1    18  1272
