point     x     y slice color    ID
    0  2600  1143     1     0  1216
    1  2466  1201     1     1  1217
    2  2322  1239     1     2  1218
    3  1986  1273     1     3  1219
    4  1790  1273     1     4  1220
    5  1508  1239     1     5  1221
    6  1134  1147     1     6  1222
    7   976  1113     1     7  1223
    8   892  1073     1     8  1224
    9   962  1037     1     9  1225
   10  1092  1035     1    10  1226
   11  1350   931     1    11  1227
   12  1878   889     1    12  1228
   13  2000   913     1    13  1229
   14  2242   949     1    14  1230
   15  2516  1029     1    15  1231
   16  2466  1137     1    16  1232
   17  2320  1143     1    17  1233
   18  2018  1103     1    18  1234
