point     x     y slice color    ID
    0  2498  1025     1     0  1140
    1  2344  1083     1     1  1141
    2  2198  1117     1     2  1142
    3  1886  1141     1     3  1143
    4  1702  1135     1     4  1144
    5  1442  1133     1     5  1145
    6  1052  1039     1     6  1146
    7   914  1027     1     7  1147
    8   836   989     1     8  1148
    9   896   961     1     9  1149
   10  1032   949     1    10  1150
   11  1282   851     1    11  1151
   12  1752   771     1    12  1152
   13  1918   789     1    13  1153
   14  2128   837     1    14  1154
   15  2404   917     1    15  1155
   16  2348  1035     1    16  1156
   17  2198  1033     1    17  1157
   18  1912   975     1    18  1158
