point     x     y slice color    ID
    0  2542  1137     1     0  1083
    1  2394  1203     1     1  1084
    2  2262  1253     1     2  1085
    3  1950  1315     1     3  1086
    4  1746  1309     1     4  1087
    5  1468  1283     1     5  1088
    6  1112  1157     1     6  1089
    7   998  1127     1     7  1090
    8   946  1095     1     8  1091
    9  1002  1075     1     9  1092
   10  1104  1063     1    10  1093
   11  1396   973     1    11  1094
   12  1802   945     1    12  1095
   13  1970   951     1    13  1096
   14  2160   979     1    14  1097
   15  2430  1015     1    15  1098
   16  2396  1135     1    16  1099
   17  2258  1147     1    17  1100
   18  1944  1125     1    18  1101
