point     x     y slice color    ID
    0  2572  1039     1     0  1197
    1  2434  1101     1     1  1198
    2  2268  1147     1     2  1199
    3  1878  1225     1     3  1200
    4  1676  1229     1     4  1201
    5  1302  1215     1     5  1202
    6   770  1109     1     6  1203
    7   650  1123     1     7  1204
    8   570  1115     1     8  1205
    9   630  1051     1     9  1206
   10   756   999     1    10  1207
   11  1104   847     1    11  1208
   12  1742   733     1    12  1209
   13  1892   753     1    13  1210
   14  2214   845     1    14  1211
   15  2482   913     1    15  1212
   16  2428  1049     1    16  1213
   17  2266  1061     1    17  1214
   18  1910  1021     1    18  1215
