point     x     y slice color    ID
    0  2728  1043     1     0  1159
    1  2566  1133     1     1  1160
    2  2406  1175     1     2  1161
    3  2026  1247     1     3  1162
    4  1814  1241     1     4  1163
    5  1464  1227     1     5  1164
    6   956  1145     1     6  1165
    7   842  1159     1     7  1166
    8   766  1131     1     8  1167
    9   818  1079     1     9  1168
   10   970  1031     1    10  1169
   11  1274   899     1    11  1170
   12  1864   769     1    12  1171
   13  2020   787     1    13  1172
   14  2364   867     1    14  1173
   15  2612   917     1    15  1174
   16  2570  1073     1    16  1175
   17  2404  1087     1    17  1176
   18  2070  1037     1    18  1177
