point     x     y slice color    ID
    0  2372  1055     1     0  1368
    1  2254  1095     1     1  1369
    2  2124  1137     1     2  1370
    3  1836  1169     1     3  1371
    4  1670  1175     1     4  1372
    5  1422  1157     1     5  1373
    6  1062  1087     1     6  1374
    7   928  1089     1     7  1375
    8   868  1067     1     8  1376
    9   920  1031     1     9  1377
   10  1024  1019     1    10  1378
   11  1254   921     1    11  1379
   12  1644   815     1    12  1380
   13  1828   837     1    13  1381
   14  2058   877     1    14  1382
   15  2292   949     1    15  1383
   16  2254  1047     1    16  1384
   17  2124  1049     1    17  1385
   18  1840  1007     1    18  1386
