point     x     y slice color    ID
    0  2687   944     1     0    39
    1  2571  1026     1     1    40
    2  2426  1089     1     2    41
    3  2129  1208     1     3    42
    4  1924  1244     1     4    43
    5  1591  1264     1     5    44
    6  1188  1178     1     6    45
    7  1030  1155     1     7    46
    8   970  1129     1     8    47
    9  1033  1096     1     9    48
   10  1178  1079     1    10    49
   11  1403   950     1    11    50
   12  1898   831     1    12    51
   13  2102   825     1    13    52
   14  2301   831     1    14    53
   15  2571   851     1    15    54
   16  2558   964     1    16    55
   17  2426   983     1    17    56
   18  2096  1020     1    18    57
