point     x     y slice color    ID
    0  2478  1025     1     0  1311
    1  2356  1085     1     1  1312
    2  2222  1123     1     2  1313
    3  1912  1173     1     3  1314
    4  1726  1175     1     4  1315
    5  1450  1197     1     5  1316
    6  1038  1089     1     6  1317
    7   894  1069     1     7  1318
    8   840  1039     1     8  1319
    9   880  1005     1     9  1320
   10  1018   987     1    10  1321
   11  1300   895     1    11  1322
   12  1764   803     1    12  1323
   13  1908   819     1    13  1324
   14  2176   859     1    14  1325
   15  2394   919     1    15  1326
   16  2358  1031     1    16  1327
   17  2218  1033     1    17  1328
   18  1924  1011     1    18  1329
