point     x     y slice color    ID
    0  2348  1110     1     0     1
    1  2196  1174     1     1     2
    2  2058  1222     1     2     3
    3  1756  1274     1     3     4
    4  1558  1264     1     4     5
    5  1274  1240     1     5     6
    6   890  1130     1     6     7
    7   744  1096     1     7     8
    8   690  1052     1     8     9
    9   742  1026     1     9    10
   10   870  1032     1    10    11
   11  1110   942     1    11    12
   12  1598   868     1    12    13
   13  1776   896     1    13    14
   14  1938   924     1    14    15
   15  2254   996     1    15    16
   16  2202  1124     1    16    17
   17  2052  1124     1    17    18
   18  1758  1094     1    18    19
