point     x     y slice color    ID
    0  2514  1109     1     0  1349
    1  2352  1199     1     1  1350
    2  2214  1249     1     2  1351
    3  1834  1315     1     3  1352
    4  1626  1311     1     4  1353
    5  1340  1289     1     5  1354
    6   886  1171     1     6  1355
    7   738  1151     1     7  1356
    8   670  1115     1     8  1357
    9   728  1081     1     9  1358
   10   880  1067     1    10  1359
   11  1162   949     1    11  1360
   12  1704   889     1    12  1361
   13  1836   893     1    13  1362
   14  2092   951     1    14  1363
   15  2394   997     1    15  1364
   16  2356  1129     1    16  1365
   17  2206  1125     1    17  1366
   18  1866  1101     1    18  1367
