point     x     y slice color    ID
    0  2524  1081     1     0  1292
    1  2390  1135     1     1  1293
    2  2250  1171     1     2  1294
    3  1932  1251     1     3  1295
    4  1714  1269     1     4  1296
    5  1456  1265     1     5  1297
    6  1114  1191     1     6  1298
    7   942  1169     1     7  1299
    8   888  1143     1     8  1300
    9   934  1107     1     9  1301
   10  1068  1091     1    10  1302
   11  1310   979     1    11  1303
   12  1770   895     1    12  1304
   13  1930   895     1    13  1305
   14  2190   923     1    14  1306
   15  2432   961     1    15  1307
   16  2390  1089     1    16  1308
   17  2254  1101     1    17  1309
   18  1960  1089     1    18  1310
