point     x     y slice color    ID
    0  2470  1045     1     0  1387
    1  2336  1121     1     1  1388
    2  2194  1185     1     2  1389
    3  1876  1257     1     3  1390
    4  1714  1253     1     4  1391
    5  1458  1239     1     5  1392
    6  1086  1151     1     6  1393
    7   990  1151     1     7  1394
    8   942  1121     1     8  1395
    9   986  1087     1     9  1396
   10  1076  1055     1    10  1397
   11  1328   955     1    11  1398
   12  1748   893     1    12  1399
   13  1876   899     1    13  1400
   14  2080   913     1    14  1401
   15  2354   931     1    15  1402
   16  2334  1069     1    16  1403
   17  2182  1071     1    17  1404
   18  1898  1089     1    18  1405
