point     x     y slice color    ID
    0  2317   980     1     0    20
    1  2198  1039     1     1    21
    2  2056  1076     1     2    22
    3  1805  1138     1     3    23
    4  1663  1148     1     4    24
    5  1502  1155     1     5    25
    6  1158  1066     1     6    26
    7  1033  1043     1     7    27
    8   977  1016     1     8    28
    9  1033   987     1     9    29
   10  1145   967     1    10    30
   11  1370   881     1    11    31
   12  1690   815     1    12    32
   13  1802   815     1    13    33
   14  1984   835     1    14    34
   15  2235   871     1    15    35
   16  2188   980     1    16    36
   17  2053  1000     1    17    37
   18  1786   970     1    18    38
