point     x     y slice color    ID
    0  2388  1143     1     0  1330
    1  2254  1215     1     1  1331
    2  2126  1267     1     2  1332
    3  1864  1327     1     3  1333
    4  1726  1333     1     4  1334
    5  1492  1345     1     5  1335
    6  1152  1289     1     6  1336
    7  1012  1293     1     7  1337
    8   944  1273     1     8  1338
    9   986  1231     1     9  1339
   10  1102  1201     1    10  1340
   11  1352  1099     1    11  1341
   12  1710  1011     1    12  1342
   13  1842  1017     1    13  1343
   14  2060  1023     1    14  1344
   15  2282  1041     1    15  1345
   16  2254  1157     1    16  1346
   17  2114  1159     1    17  1347
   18  1846  1175     1    18  1348
