point     x     y slice color    ID
    0  2703  1132     1     0    58
    1  2555  1211     1     1    59
    2  2396  1267     1     2    60
    3  2069  1327     1     3    61
    4  1838  1330     1     4    62
    5  1518  1330     1     5    63
    6  1079  1201     1     6    64
    7   940  1185     1     7    65
    8   871  1162     1     8    66
    9   950  1119     1     9    67
   10  1046  1109     1    10    68
   11  1333   987     1    11    69
   12  1888   878     1    12    70
   13  2046   907     1    13    71
   14  2304   960     1    14    72
   15  2588  1030     1    15    73
   16  2555  1158     1    16    74
   17  2396  1175     1    17    75
   18  2073  1155     1    18    76
