point     x     y slice color    ID
    0  1100  2892     1     0  1013
    1  1048  2772     1     1  1014
    2  1028  2676     1     2  1015
    3   972  2392     1     3  1016
    4   972  2256     1     4  1017
    5   996  2052     1     5  1018
    6  1048  1760     1     6  1019
    7  1048  1720     1     7  1020
    8  1068  1640     1     8  1021
    9  1124  1700     1     9  1022
   10  1148  1764     1    10  1023
   11  1244  1956     1    11  1024
   12  1276  2320     1    12  1025
   13  1268  2404     1    13  1026
   14  1252  2576     1    14  1027
   15  1216  2824     1    15  1028
   16  1104  2776     1    16  1029
   17  1092  2652     1    17  1030
   18  1128  2428     1    18  1031
