point     x     y slice color    ID
    0  2456  1046     1     0    77
    1  2324  1125     1     1    78
    2  2169  1198     1     2    79
    3  1845  1284     1     3    80
    4  1693  1290     1     4    81
    5  1449  1294     1     5    82
    6  1079  1231     1     6    83
    7   937  1221     1     7    84
    8   868  1201     1     8    85
    9   914  1162     1     9    86
   10  1046  1145     1    10    87
   11  1310   997     1    11    88
   12  1726   927     1    12    89
   13  1852   924     1    13    90
   14  2089   930     1    14    91
   15  2343   944     1    15    92
   16  2324  1086     1    16    93
   17  2159  1102     1    17    94
   18  1875  1105     1    18    95
