point     x     y slice color    ID
    0  2520  1066     1     0   115
    1  2390  1134     1     1   116
    2  2280  1188     1     2   117
    3  1938  1284     1     3   118
    4  1728  1308     1     4   119
    5  1426  1312     1     5   120
    6  1012  1228     1     6   121
    7   884  1210     1     7   122
    8   834  1182     1     8   123
    9   886  1148     1     9   124
   10   994  1146     1    10   125
   11  1234  1026     1    11   126
   12  1760   890     1    12   127
   13  1938   892     1    13   128
   14  2184   940     1    14   129
   15  2432   970     1    15   130
   16  2396  1090     1    16   131
   17  2256  1108     1    17   132
   18  1942  1104     1    18   133
