point     x     y slice color    ID
    0  2404  1163     1     0  1425
    1  2266  1231     1     1  1426
    2  2128  1273     1     2  1427
    3  1790  1331     1     3  1428
    4  1604  1321     1     4  1429
    5  1356  1291     1     5  1430
    6   918  1175     1     6  1431
    7   790  1159     1     7  1432
    8   724  1131     1     8  1433
    9   788  1095     1     9  1434
   10   896  1083     1    10  1435
   11  1174   977     1    11  1436
   12  1670   903     1    12  1437
   13  1804   933     1    13  1438
   14  2086  1007     1    14  1439
   15  2300  1047     1    15  1440
   16  2272  1167     1    16  1441
   17  2128  1165     1    17  1442
   18  1832  1129     1    18  1443
