point     x     y slice color    ID
    0  2332  1181     1     0  1444
    1  2230  1235     1     1  1445
    2  2122  1269     1     2  1446
    3  1842  1319     1     3  1447
    4  1706  1325     1     4  1448
    5  1468  1325     1     5  1449
    6  1114  1265     1     6  1450
    7   996  1255     1     7  1451
    8   948  1233     1     8  1452
    9   984  1195     1     9  1453
   10  1096  1187     1    10  1454
   11  1304  1099     1    11  1455
   12  1716  1011     1    12  1456
   13  1842  1017     1    13  1457
   14  2044  1041     1    14  1458
   15  2260  1091     1    15  1459
   16  2236  1191     1    16  1460
   17  2114  1181     1    17  1461
   18  1870  1163     1    18  1462
