point     x     y slice color    ID
    0  2788   939     1     0  1482
    1  2650  1025     1     1  1483
    2  2516  1059     1     2  1484
    3  2186  1121     1     3  1485
    4  1990  1091     1     4  1486
    5  1740  1095     1     5  1487
    6  1350   983     1     6  1488
    7  1258   955     1     7  1489
    8  1202   913     1     8  1490
    9  1262   891     1     9  1491
   10  1334   885     1    10  1492
   11  1634   783     1    11  1493
   12  2046   745     1    12  1494
   13  2200   751     1    13  1495
   14  2384   779     1    14  1496
   15  2566   797     1    15  1497
   16  2648   957     1    16  1498
   17  2512   963     1    17  1499
   18  2208   935     1    18  1500
