point     x     y slice color    ID
    0  2414  1201     1     0  1501
    1  2282  1217     1     1  1502
    2  2164  1227     1     2  1503
    3  1816  1239     1     3  1504
    4  1610  1243     1     4  1505
    5  1306  1227     1     5  1506
    6  1020  1201     1     6  1507
    7   836  1211     1     7  1508
    8   758  1213     1     8  1509
    9   802  1153     1     9  1510
   10   890  1097     1    10  1511
   11  1108   925     1    11  1512
   12  1640   813     1    12  1513
   13  1816   843     1    13  1514
   14  2090   917     1    14  1515
   15  2320  1041     1    15  1516
   16  2282  1145     1    16  1517
   17  2150  1141     1    17  1518
   18  1852  1051     1    18  1519
