point     x     y slice color    ID
    0   730  1339     1     0   891
    1   973  1189     1     1   892
    2  1180  1126     1     2   893
    3  1597  1075     1     3   894
    4  1822  1099     1     4   895
    5  2200  1114     1     5   896
    6  2719  1180     1     6   897
    7  2959  1171     1     7   898
    8  3040  1216     1     8   899
    9  2971  1264     1     9   900
   10  2767  1330     1    10   901
   11  2326  1552     1    11   902
   12  1771  1606     1    12   903
   13  1552  1597     1    13   904
   14  1210  1537     1    14   905
   15   898  1480     1    15   906
   16   973  1279     1    16   907
   17  1168  1276     1    17   908
   18  1591  1327     1    18   909
