point     x     y slice color    ID
    0   796  1546     1     0   872
    1   961  1459     1     1   873
    2  1120  1414     1     2   874
    3  1567  1324     1     3   875
    4  1864  1318     1     4   876
    5  2320  1327     1     5   877
    6  2866  1471     1     6   878
    7  3073  1492     1     7   879
    8  3169  1519     1     8   880
    9  3082  1579     1     9   881
   10  2887  1606     1    10   882
   11  2491  1753     1    11   883
   12  1765  1858     1    12   884
   13  1558  1837     1    13   885
   14  1171  1765     1    14   886
   15   904  1690     1    15   887
   16   955  1534     1    16   888
   17  1120  1540     1    17   889
   18  1573  1564     1    18   890
