point     x     y slice color    ID
    0   952  1411     1     0   720
    1  1129  1306     1     1   721
    2  1306  1255     1     2   722
    3  1711  1162     1     3   723
    4  1936  1165     1     4   724
    5  2293  1165     1     5   725
    6  2827  1306     1     6   726
    7  2995  1324     1     7   727
    8  3076  1387     1     8   728
    9  2992  1417     1     9   729
   10  2848  1435     1    10   730
   11  2476  1576     1    11   731
   12  1891  1648     1    12   732
   13  1702  1651     1    13   733
   14  1396  1609     1    14   734
   15  1087  1543     1    15   735
   16  1126  1390     1    16   736
   17  1291  1387     1    17   737
   18  1714  1426     1    18   738
