point     x     y slice color    ID
    0  1234  1357     1     0   910
    1  1360  1282     1     1   911
    2  1498  1231     1     2   912
    3  1795  1159     1     3   913
    4  1954  1162     1     4   914
    5  2185  1180     1     5   915
    6  2515  1276     1     6   916
    7  2671  1312     1     7   917
    8  2704  1339     1     8   918
    9  2662  1363     1     9   919
   10  2533  1366     1    10   920
   11  2296  1465     1    11   921
   12  1918  1522     1    12   922
   13  1816  1516     1    13   923
   14  1573  1480     1    14   924
   15  1333  1453     1    15   925
   16  1372  1330     1    16   926
   17  1507  1330     1    17   927
   18  1780  1327     1    18   928
