point     x     y slice color    ID
    0   979  1363     1     0   777
    1  1126  1303     1     1   778
    2  1285  1252     1     2   779
    3  1633  1207     1     3   780
    4  1807  1216     1     4   781
    5  2101  1249     1     5   782
    6  2515  1333     1     6   783
    7  2671  1336     1     7   784
    8  2749  1363     1     8   785
    9  2695  1399     1     9   786
   10  2542  1432     1    10   787
   11  2212  1546     1    11   788
   12  1762  1603     1    12   789
   13  1630  1579     1    13   790
   14  1345  1540     1    14   791
   15  1090  1471     1    15   792
   16  1138  1369     1    16   793
   17  1282  1378     1    17   794
   18  1624  1408     1    18   795
