point     x     y slice color    ID
    0  1210  1432     1     0   853
    1  1348  1363     1     1   854
    2  1492  1312     1     2   855
    3  1816  1264     1     3   856
    4  2017  1264     1     4   857
    5  2287  1291     1     5   858
    6  2632  1363     1     6   859
    7  2773  1405     1     7   860
    8  2836  1444     1     8   861
    9  2782  1468     1     9   862
   10  2668  1474     1    10   863
   11  2380  1561     1    11   864
   12  1933  1621     1    12   865
   13  1795  1609     1    13   866
   14  1540  1576     1    14   867
   15  1318  1531     1    15   868
   16  1351  1417     1    16   869
   17  1495  1417     1    17   870
   18  1819  1432     1    18   871
