point     x     y slice color    ID
    0   958  1393     1     0   739
    1  1126  1321     1     1   740
    2  1300  1267     1     2   741
    3  1738  1198     1     3   742
    4  1996  1201     1     4   743
    5  2374  1222     1     5   744
    6  2896  1348     1     6   745
    7  3046  1363     1     7   746
    8  3115  1402     1     8   747
    9  3058  1453     1     9   748
   10  2926  1474     1    10   749
   11  2560  1663     1    11   750
   12  1915  1729     1    12   751
   13  1714  1702     1    13   752
   14  1357  1630     1    14   753
   15  1066  1531     1    15   754
   16  1123  1405     1    16   755
   17  1288  1408     1    17   756
   18  1726  1474     1    18   757
