point     x     y slice color    ID
    0   856  1387     1     0   986
    1  1072  1252     1     1   987
    2  1273  1177     1     2   988
    3  1708  1033     1     3   989
    4  2002  1036     1     4   990
    5  2473  1060     1     5   991
    6  3028  1225     1     6   992
    7  3208  1258     1     7   993
    8  3286  1309     1     8   994
    9  3229  1363     1     9   995
   10  3049  1393     1    10   996
   11  2626  1564     1    11   997
   12  1948  1612     1    12   998
   13  1708  1600     1    13   999
   14  1360  1579     1    14  1000
   15  1006  1528     1    15  1001
   16  1078  1336     1    16  1002
   17  1273  1336     1    17  1003
   18  1741  1327     1    18  1004
