point     x     y slice color    ID
    0  1120  1249     1     0  1043
    1  1264  1144     1     1  1044
    2  1435  1096     1     2  1045
    3  1792  1036     1     3  1046
    4  1999  1033     1     4  1047
    5  2320  1060     1     5  1048
    6  2734  1129     1     6  1049
    7  2917  1123     1     7  1050
    8  2995  1138     1     8  1051
    9  2944  1192     1     9  1052
   10  2773  1264     1    10  1053
   11  2494  1369     1    11  1054
   12  1921  1438     1    12  1055
   13  1777  1429     1    13  1056
   14  1513  1405     1    14  1057
   15  1237  1354     1    15  1058
   16  1273  1225     1    16  1059
   17  1441  1225     1    17  1060
   18  1777  1243     1    18  1061
