point     x     y slice color    ID
    0   928  1462     1     0   948
    1  1087  1357     1     1   949
    2  1246  1306     1     2   950
    3  1633  1183     1     3   951
    4  1885  1168     1     4   952
    5  2218  1189     1     5   953
    6  2668  1345     1     6   954
    7  2809  1396     1     7   955
    8  2866  1438     1     8   956
    9  2812  1456     1     9   957
   10  2662  1456     1    10   958
   11  2326  1519     1    11   959
   12  1813  1585     1    12   960
   13  1624  1582     1    13   961
   14  1351  1582     1    14   962
   15  1057  1564     1    15   963
   16  1090  1414     1    16   964
   17  1255  1405     1    17   965
   18  1615  1372     1    18   966
