point     x     y slice color    ID
    0   897  1311     1     0     2
    1  1069  1210     1     1     3
    2  1241  1140     1     2     4
    3  1663  1082     1     3     5
    4  1910  1069     1     4     6
    5  2288  1078     1     5     7
    6  2808  1206     1     6     8
    7  2949  1232     1     7     9
    8  3019  1285     1     8    10
    9  2931  1311     1     9    11
   10  2830  1324     1    10    12
   11  2438  1465     1    11    13
   12  1848  1562     1    12    14
   13  1677  1549     1    13    15
   14  1395  1514     1    14    16
   15  1043  1457     1    15    17
   16  1069  1298     1    16    18
   17  1232  1316     1    17    19
   18  1655  1338     1    18    20
