point     x     y slice color    ID
    0  1039  1276     1     0  1005
    1  1234  1180     1     1  1006
    2  1414  1132     1     2  1007
    3  1840  1060     1     3  1008
    4  2077  1087     1     4  1009
    5  2398  1108     1     5  1010
    6  2932  1213     1     6  1011
    7  3088  1204     1     7  1012
    8  3178  1231     1     8  1013
    9  3121  1300     1     9  1014
   10  2965  1348     1    10  1015
   11  2554  1510     1    11  1016
   12  1978  1576     1    12  1017
   13  1831  1555     1    13  1018
   14  1468  1507     1    14  1019
   15  1186  1435     1    15  1020
   16  1246  1264     1    16  1021
   17  1414  1264     1    17  1022
   18  1837  1309     1    18  1023
