point     x     y slice color    ID
    0   766  1225     1     0  1024
    1   964  1108     1     1  1025
    2  1150  1051     1     2  1026
    3  1612   976     1     3  1027
    4  1882   976     1     4  1028
    5  2266  1000     1     5  1029
    6  2815  1156     1     6  1030
    7  2953  1168     1     7  1031
    8  3034  1237     1     8  1032
    9  2959  1279     1     9  1033
   10  2815  1273     1    10  1034
   11  2389  1429     1    11  1035
   12  1783  1468     1    12  1036
   13  1582  1468     1    13  1037
   14  1237  1408     1    14  1038
   15   910  1366     1    15  1039
   16   973  1186     1    16  1040
   17  1159  1162     1    17  1041
   18  1612  1186     1    18  1042
