point     x     y slice color    ID
    0  1138  1354     1     0  1062
    1  1318  1249     1     1  1063
    2  1492  1168     1     2  1064
    3  1831  1057     1     3  1065
    4  2071  1042     1     4  1066
    5  2398  1054     1     5  1067
    6  2881  1201     1     6  1068
    7  3061  1243     1     7  1069
    8  3130  1300     1     8  1070
    9  3073  1324     1     9  1071
   10  2893  1336     1    10  1072
   11  2527  1453     1    11  1073
   12  2026  1507     1    12  1074
   13  1801  1531     1    13  1075
   14  1585  1513     1    14  1076
   15  1273  1480     1    15  1077
   16  1312  1318     1    16  1078
   17  1486  1306     1    17  1079
   18  1873  1297     1    18  1080
