point     x     y slice color    ID
    0  1100  1417     1     0    21
    1  1289  1298     1     1    22
    2  1474  1228     1     2    23
    3  1866  1140     1     3    24
    4  2095  1144     1     4    25
    5  2482  1157     1     5    26
    6  2936  1320     1     6    27
    7  3138  1404     1     7    28
    8  3160  1465     1     8    29
    9  3107  1483     1     9    30
   10  2962  1470     1    10    31
   11  2614  1545     1    11    32
   12  2042  1611     1    12    33
   13  1866  1615     1    13    34
   14  1553  1580     1    14    35
   15  1258  1536     1    15    36
   16  1298  1386     1    16    37
   17  1470  1382     1    17    38
   18  1888  1390     1    18    39
