point     x     y slice color    ID
    0  1351  1387     1     0  1138
    1  1543  1285     1     1  1139
    2  1705  1240     1     2  1140
    3  2116  1174     1     3  1141
    4  2317  1174     1     4  1142
    5  2635  1168     1     5  1143
    6  3127  1276     1     6  1144
    7  3250  1297     1     7  1145
    8  3343  1342     1     8  1146
    9  3268  1393     1     9  1147
   10  3145  1411     1    10  1148
   11  2797  1540     1    11  1149
   12  2248  1657     1    12  1150
   13  2089  1630     1    13  1151
   14  1807  1591     1    14  1152
   15  1477  1516     1    15  1153
   16  1558  1381     1    16  1154
   17  1726  1393     1    17  1155
   18  2104  1417     1    18  1156
