point     x     y slice color    ID
    0  1255  1339     1     0  1100
    1  1453  1240     1     1  1101
    2  1618  1192     1     2  1102
    3  1975  1102     1     3  1103
    4  2206  1102     1     4  1104
    5  2524  1141     1     5  1105
    6  3049  1267     1     6  1106
    7  3181  1273     1     7  1107
    8  3262  1306     1     8  1108
    9  3214  1348     1     9  1109
   10  3058  1384     1    10  1110
   11  2653  1510     1    11  1111
   12  2146  1570     1    12  1112
   13  1939  1549     1    13  1113
   14  1693  1519     1    14  1114
   15  1402  1459     1    15  1115
   16  1453  1318     1    16  1116
   17  1624  1315     1    17  1117
   18  1999  1342     1    18  1118
