point     x     y slice color    ID
    0  1096  1333     1     0  1119
    1  1300  1219     1     1  1120
    2  1498  1171     1     2  1121
    3  1870  1108     1     3  1122
    4  2116  1123     1     4  1123
    5  2461  1159     1     5  1124
    6  2980  1264     1     6  1125
    7  3148  1270     1     7  1126
    8  3220  1312     1     8  1127
    9  3148  1357     1     9  1128
   10  3004  1396     1    10  1129
   11  2593  1564     1    11  1130
   12  2029  1615     1    12  1131
   13  1825  1600     1    13  1132
   14  1543  1537     1    14  1133
   15  1225  1477     1    15  1134
   16  1306  1297     1    16  1135
   17  1498  1309     1    17  1136
   18  1894  1336     1    18  1137
