point     x     y slice color    ID
    0  1345  1228     1     0  1214
    1  1501  1144     1     1  1215
    2  1645  1081     1     2  1216
    3  1975  1003     1     3  1217
    4  2185  1006     1     4  1218
    5  2473  1036     1     5  1219
    6  2875  1177     1     6  1220
    7  3061  1204     1     7  1221
    8  3118  1243     1     8  1222
    9  3064  1273     1     9  1223
   10  2890  1294     1    10  1224
   11  2554  1348     1    11  1225
   12  2134  1399     1    12  1226
   13  1951  1378     1    13  1227
   14  1729  1375     1    14  1228
   15  1468  1339     1    15  1229
   16  1501  1201     1    16  1230
   17  1654  1198     1    17  1231
   18  1996  1189     1    18  1232
