point     x     y slice color    ID
    0  1324  1375     1     0  1252
    1  1453  1285     1     1  1253
    2  1588  1234     1     2  1254
    3  1876  1141     1     3  1255
    4  2083  1138     1     4  1256
    5  2380  1165     1     5  1257
    6  2764  1258     1     6  1258
    7  2914  1309     1     7  1259
    8  2950  1348     1     8  1260
    9  2887  1372     1     9  1261
   10  2770  1378     1    10  1262
   11  2482  1453     1    11  1263
   12  2065  1507     1    12  1264
   13  1873  1495     1    13  1265
   14  1675  1492     1    14  1266
   15  1441  1468     1    15  1267
   16  1456  1336     1    16  1268
   17  1597  1327     1    17  1269
   18  1918  1300     1    18  1270
