point     x     y slice color    ID
    0  1066  1432     1     0  1081
    1  1246  1354     1     1  1082
    2  1420  1300     1     2  1083
    3  1804  1216     1     3  1084
    4  2032  1207     1     4  1085
    5  2389  1219     1     5  1086
    6  2830  1300     1     6  1087
    7  3067  1357     1     7  1088
    8  3103  1411     1     8  1089
    9  3055  1447     1     9  1090
   10  2866  1426     1    10  1091
   11  2542  1570     1    11  1092
   12  2002  1684     1    12  1093
   13  1819  1669     1    13  1094
   14  1486  1624     1    14  1095
   15  1174  1552     1    15  1096
   16  1255  1417     1    16  1097
   17  1420  1420     1    17  1098
   18  1819  1453     1    18  1099
