point     x     y slice color    ID
    0  1021  1339     1     0  1476
    1  1150  1279     1     1  1477
    2  1273  1252     1     2  1478
    3  1642  1195     1     3  1479
    4  1843  1198     1     4  1480
    5  2149  1216     1     5  1481
    6  2563  1315     1     6  1482
    7  2704  1339     1     7  1483
    8  2770  1372     1     8  1484
    9  2716  1396     1     9  1485
   10  2572  1414     1    10  1486
   11  2260  1507     1    11  1487
   12  1789  1582     1    12  1488
   13  1630  1552     1    13  1489
   14  1417  1519     1    14  1490
   15  1114  1447     1    15  1491
   16  1153  1342     1    16  1492
   17  1288  1357     1    17  1493
   18  1633  1393     1    18  1494
