point     x     y slice color    ID
    0   862  1468     1     0  1309
    1  1048  1330     1     1  1310
    2  1231  1234     1     2  1311
    3  1648  1093     1     3  1312
    4  1873  1075     1     4  1313
    5  2245  1078     1     5  1314
    6  2752  1240     1     6  1315
    7  2902  1294     1     7  1316
    8  2998  1360     1     8  1317
    9  2899  1384     1     9  1318
   10  2770  1390     1    10  1319
   11  2377  1492     1    11  1320
   12  1876  1573     1    12  1321
   13  1660  1603     1    13  1322
   14  1399  1591     1    14  1323
   15  1036  1579     1    15  1324
   16  1060  1399     1    16  1325
   17  1252  1399     1    17  1326
   18  1669  1354     1    18  1327
