point     x     y slice color    ID
    0  1025  1311     1     0    20
    1  1175  1236     1     1    21
    2  1324  1188     1     2    22
    3  1694  1126     1     3    23
    4  1892  1140     1     4    24
    5  2178  1135     1     5    25
    6  2605  1206     1     6    26
    7  2742  1210     1     7    27
    8  2799  1236     1     8    28
    9  2768  1285     1     9    29
   10  2636  1307     1    10    30
   11  2310  1435     1    11    31
   12  1839  1518     1    12    32
   13  1685  1505     1    13    33
   14  1417  1470     1    14    34
   15  1131  1421     1    15    35
   16  1184  1298     1    16    36
   17  1329  1289     1    17    37
   18  1659  1338     1    18    38
