point     x     y slice color    ID
    0  1276  1273     1     0  1419
    1  1411  1177     1     1  1420
    2  1561  1117     1     2  1421
    3  1864  1036     1     3  1422
    4  2041  1033     1     4  1423
    5  2344  1039     1     5  1424
    6  2743  1114     1     6  1425
    7  2917  1168     1     7  1426
    8  2959  1204     1     8  1427
    9  2914  1228     1     9  1428
   10  2752  1222     1    10  1429
   11  2488  1306     1    11  1430
   12  2017  1381     1    12  1431
   13  1861  1393     1    13  1432
   14  1627  1375     1    14  1433
   15  1372  1366     1    15  1434
   16  1414  1234     1    16  1435
   17  1561  1225     1    17  1436
   18  1870  1201     1    18  1437
