point     x     y slice color    ID
    0  1162  1306     1     0  1400
    1  1330  1201     1     1  1401
    2  1504  1147     1     2  1402
    3  1870  1069     1     3  1403
    4  2095  1072     1     4  1404
    5  2482  1114     1     5  1405
    6  2965  1327     1     6  1406
    7  3106  1381     1     7  1407
    8  3178  1432     1     8  1408
    9  3097  1456     1     9  1409
   10  2959  1444     1    10  1410
   11  2563  1489     1    11  1411
   12  2017  1507     1    12  1412
   13  1852  1492     1    13  1413
   14  1594  1468     1    14  1414
   15  1297  1420     1    15  1415
   16  1336  1261     1    16  1416
   17  1507  1279     1    17  1417
   18  1882  1306     1    18  1418
