point     x     y slice color    ID
    0   721  1345     1     0  1438
    1   913  1228     1     1  1439
    2  1105  1165     1     2  1440
    3  1510  1069     1     3  1441
    4  1759  1069     1     4  1442
    5  2146  1081     1     5  1443
    6  2500  1159     1     6  1444
    7  2827  1189     1     7  1445
    8  2911  1216     1     8  1446
    9  2848  1282     1     9  1447
   10  2695  1342     1    10  1448
   11  2353  1513     1    11  1449
   12  1711  1600     1    12  1450
   13  1519  1582     1    13  1451
   14  1168  1525     1    14  1452
   15   856  1462     1    15  1453
   16   907  1285     1    16  1454
   17  1105  1291     1    17  1455
   18  1522  1321     1    18  1456
