point     x     y slice color    ID
    0  1000  1351     1     0  1290
    1  1177  1276     1     1  1291
    2  1351  1240     1     2  1292
    3  1804  1174     1     3  1293
    4  2065  1192     1     4  1294
    5  2395  1222     1     5  1295
    6  2923  1273     1     6  1296
    7  3091  1261     1     7  1297
    8  3166  1291     1     8  1298
    9  3124  1369     1     9  1299
   10  2965  1414     1    10  1300
   11  2557  1612     1    11  1301
   12  1954  1684     1    12  1302
   13  1780  1669     1    13  1303
   14  1465  1609     1    14  1304
   15  1117  1507     1    15  1305
   16  1189  1363     1    16  1306
   17  1357  1375     1    17  1307
   18  1753  1411     1    18  1308
