point     x     y slice color    ID
    0  1120  1327     1     0  1666
    1  1324  1228     1     1  1667
    2  1501  1156     1     2  1668
    3  1963  1063     1     3  1669
    4  2233  1084     1     4  1670
    5  2620  1111     1     5  1671
    6  3205  1186     1     6  1672
    7  3352  1165     1     7  1673
    8  3448  1207     1     8  1674
    9  3388  1267     1     9  1675
   10  3097  1411     1    10  1676
   11  2803  1531     1    11  1677
   12  2191  1588     1    12  1678
   13  1936  1585     1    13  1679
   14  1588  1537     1    14  1680
   15  1276  1489     1    15  1681
   16  1318  1288     1    16  1682
   17  1519  1282     1    17  1683
   18  1966  1309     1    18  1684
