point     x     y slice color    ID
    0  1066  1483     1     0  1590
    1  1189  1420     1     1  1591
    2  1336  1354     1     2  1592
    3  1651  1264     1     3  1593
    4  1828  1264     1     4  1594
    5  2134  1282     1     5  1595
    6  2509  1399     1     6  1596
    7  2632  1450     1     7  1597
    8  2680  1492     1     8  1598
    9  2629  1510     1     9  1599
   10  2488  1507     1    10  1600
   11  2200  1558     1    11  1601
   12  1801  1615     1    12  1602
   13  1648  1612     1    13  1603
   14  1444  1597     1    14  1604
   15  1168  1573     1    15  1605
   16  1204  1480     1    16  1606
   17  1348  1474     1    17  1607
   18  1669  1456     1    18  1608
