point     x     y slice color    ID
    0  1474  1288     1     0  1514
    1  1582  1228     1     1  1515
    2  1726  1174     1     2  1516
    3  2053  1129     1     3  1517
    4  2242  1132     1     4  1518
    5  2521  1159     1     5  1519
    6  2887  1222     1     6  1520
    7  3028  1222     1     7  1521
    8  3094  1243     1     8  1522
    9  3043  1282     1     9  1523
   10  2890  1321     1    10  1524
   11  2593  1414     1    11  1525
   12  2167  1477     1    12  1526
   13  2047  1462     1    13  1527
   14  1831  1429     1    14  1528
   15  1573  1384     1    15  1529
   16  1594  1276     1    16  1530
   17  1729  1282     1    17  1531
   18  2032  1294     1    18  1532
