point     x     y slice color    ID
    0  1105  1348     1     0  1533
    1  1297  1243     1     1  1534
    2  1462  1186     1     2  1535
    3  1918  1093     1     3  1536
    4  2179  1102     1     4  1537
    5  2563  1123     1     5  1538
    6  3061  1276     1     6  1539
    7  3250  1282     1     7  1540
    8  3319  1339     1     8  1541
    9  3247  1399     1     9  1542
   10  3124  1402     1    10  1543
   11  2692  1555     1    11  1544
   12  2107  1603     1    12  1545
   13  1900  1591     1    13  1546
   14  1573  1549     1    14  1547
   15  1237  1489     1    15  1548
   16  1303  1315     1    16  1549
   17  1480  1324     1    17  1550
   18  1936  1351     1    18  1551
