point     x     y slice color    ID
    0  1069  1387     1     0  1685
    1  1252  1288     1     1  1686
    2  1408  1243     1     2  1687
    3  1855  1174     1     3  1688
    4  2113  1180     1     4  1689
    5  2485  1204     1     5  1690
    6  2983  1288     1     6  1691
    7  3142  1285     1     7  1692
    8  3232  1303     1     8  1693
    9  3190  1369     1     9  1694
   10  3025  1417     1    10  1695
   11  2611  1597     1    11  1696
   12  2041  1645     1    12  1697
   13  1816  1648     1    13  1698
   14  1540  1597     1    14  1699
   15  1237  1537     1    15  1700
   16  1255  1393     1    16  1701
   17  1411  1399     1    17  1702
   18  1822  1441     1    18  1703
