point     x     y slice color    ID
    0  1234  1321     1     0  1647
    1  1465  1201     1     1  1648
    2  1675  1141     1     2  1649
    3  2098  1069     1     3  1650
    4  2401  1081     1     4  1651
    5  2785  1123     1     5  1652
    6  3343  1318     1     6  1653
    7  3505  1366     1     7  1654
    8  3604  1426     1     8  1655
    9  3520  1471     1     9  1656
   10  3343  1471     1    10  1657
   11  2902  1570     1    11  1658
   12  2281  1609     1    12  1659
   13  2062  1585     1    13  1660
   14  1777  1543     1    14  1661
   15  1390  1462     1    15  1662
   16  1462  1303     1    16  1663
   17  1660  1324     1    17  1664
   18  2116  1363     1    18  1665
