point     x     y slice color    ID
    0   793  1393     1     0  1495
    1   970  1270     1     1  1496
    2  1156  1204     1     2  1497
    3  1597  1093     1     3  1498
    4  1876  1096     1     4  1499
    5  2293  1108     1     5  1500
    6  2884  1237     1     6  1501
    7  3058  1252     1     7  1502
    8  3145  1303     1     8  1503
    9  3064  1351     1     9  1504
   10  2887  1363     1    10  1505
   11  2470  1510     1    11  1506
   12  1795  1621     1    12  1507
   13  1582  1615     1    13  1508
   14  1219  1564     1    14  1509
   15   931  1516     1    15  1510
   16   970  1324     1    16  1511
   17  1159  1324     1    17  1512
   18  1585  1327     1    18  1513
