point     x     y slice color    ID
    0   880  1357     1     0  1628
    1  1075  1264     1     1  1629
    2  1264  1216     1     2  1630
    3  1657  1162     1     3  1631
    4  1903  1171     1     4  1632
    5  2200  1180     1     5  1633
    6  2755  1288     1     6  1634
    7  2881  1303     1     7  1635
    8  2953  1357     1     8  1636
    9  2902  1390     1     9  1637
   10  2749  1411     1    10  1638
   11  2359  1552     1    11  1639
   12  1843  1630     1    12  1640
   13  1630  1621     1    13  1641
   14  1309  1579     1    14  1642
   15  1006  1498     1    15  1643
   16  1081  1327     1    16  1644
   17  1261  1324     1    17  1645
   18  1660  1369     1    18  1646
