point     x     y slice color    ID
    0  1030  1330     1     0  1856
    1  1174  1258     1     1  1857
    2  1321  1222     1     2  1858
    3  1702  1129     1     3  1859
    4  1948  1123     1     4  1860
    5  2320  1114     1     5  1861
    6  2779  1201     1     6  1862
    7  2935  1225     1     7  1863
    8  3004  1255     1     8  1864
    9  2932  1294     1     9  1865
   10  2770  1327     1    10  1866
   11  2485  1456     1    11  1867
   12  1915  1564     1    12  1868
   13  1711  1552     1    13  1869
   14  1408  1513     1    14  1870
   15  1117  1444     1    15  1871
   16  1174  1318     1    16  1872
   17  1330  1330     1    17  1873
   18  1702  1354     1    18  1874
