point     x     y slice color    ID
    0  1219  1489     1     0  1875
    1  1372  1399     1     1  1876
    2  1534  1342     1     2  1877
    3  1903  1264     1     3  1878
    4  2110  1267     1     4  1879
    5  2446  1273     1     5  1880
    6  2914  1345     1     6  1881
    7  3040  1345     1     7  1882
    8  3118  1354     1     8  1883
    9  3046  1408     1     9  1884
   10  2938  1441     1    10  1885
   11  2578  1591     1    11  1886
   12  2071  1672     1    12  1887
   13  1903  1657     1    13  1888
   14  1591  1639     1    14  1889
   15  1333  1597     1    15  1890
   16  1372  1462     1    16  1891
   17  1537  1450     1    17  1892
   18  1903  1456     1    18  1893
