point     x     y slice color    ID
    0  1261  1378     1     0  1742
    1  1399  1312     1     1  1743
    2  1531  1264     1     2  1744
    3  1816  1201     1     3  1745
    4  2005  1198     1     4  1746
    5  2269  1210     1     5  1747
    6  2659  1291     1     6  1748
    7  2761  1312     1     7  1749
    8  2821  1342     1     8  1750
    9  2791  1372     1     9  1751
   10  2677  1375     1    10  1752
   11  2380  1477     1    11  1753
   12  1993  1546     1    12  1754
   13  1834  1534     1    13  1755
   14  1573  1516     1    14  1756
   15  1357  1483     1    15  1757
   16  1402  1366     1    16  1758
   17  1543  1354     1    17  1759
   18  1852  1360     1    18  1760
