point     x     y slice color    ID
    0  1096  1351     1     0  1723
    1  1243  1276     1     1  1724
    2  1396  1234     1     2  1725
    3  1747  1177     1     3  1726
    4  1972  1180     1     4  1727
    5  2299  1195     1     5  1728
    6  2683  1240     1     6  1729
    7  2833  1231     1     7  1730
    8  2896  1264     1     8  1731
    9  2845  1315     1     9  1732
   10  2716  1357     1    10  1733
   11  2440  1504     1    11  1734
   12  1909  1597     1    12  1735
   13  1744  1585     1    13  1736
   14  1453  1522     1    14  1737
   15  1210  1456     1    15  1738
   16  1243  1339     1    16  1739
   17  1393  1345     1    17  1740
   18  1765  1384     1    18  1741
