point     x     y slice color    ID
    0   880  1381     1     0  1837
    1  1057  1279     1     1  1838
    2  1231  1225     1     2  1839
    3  1606  1156     1     3  1840
    4  1828  1159     1     4  1841
    5  2137  1171     1     5  1842
    6  2551  1279     1     6  1843
    7  2800  1333     1     7  1844
    8  2878  1363     1     8  1845
    9  2812  1405     1     9  1846
   10  2653  1423     1    10  1847
   11  2272  1537     1    11  1848
   12  1747  1582     1    12  1849
   13  1603  1558     1    13  1850
   14  1306  1531     1    14  1851
   15  1030  1495     1    15  1852
   16  1075  1357     1    16  1853
   17  1237  1348     1    17  1854
   18  1594  1363     1    18  1855
