point     x     y slice color    ID
    0  1012  1441     1     0  1780
    1  1186  1369     1     1  1781
    2  1360  1327     1     2  1782
    3  1711  1264     1     3  1783
    4  1915  1270     1     4  1784
    5  2242  1303     1     5  1785
    6  2683  1453     1     6  1786
    7  2794  1480     1     7  1787
    8  2833  1519     1     8  1788
    9  2794  1558     1     9  1789
   10  2677  1564     1    10  1790
   11  2338  1642     1    11  1791
   12  1846  1690     1    12  1792
   13  1693  1678     1    13  1793
   14  1399  1627     1    14  1794
   15  1132  1567     1    15  1795
   16  1192  1432     1    16  1796
   17  1351  1435     1    17  1797
   18  1717  1474     1    18  1798
