point     x     y slice color    ID
    0  1117  1399     1     0  1894
    1  1225  1330     1     1  1895
    2  1357  1288     1     2  1896
    3  1690  1216     1     3  1897
    4  1858  1216     1     4  1898
    5  2140  1228     1     5  1899
    6  2491  1300     1     6  1900
    7  2632  1303     1     7  1901
    8  2695  1330     1     8  1902
    9  2650  1360     1     9  1903
   10  2509  1405     1    10  1904
   11  2245  1501     1    11  1905
   12  1804  1585     1    12  1906
   13  1684  1570     1    13  1907
   14  1447  1537     1    14  1908
   15  1204  1495     1    15  1909
   16  1228  1390     1    16  1910
   17  1339  1381     1    17  1911
   18  1651  1399     1    18  1912
