point     x     y slice color    ID
    0   643  1537     1     0  1913
    1   871  1396     1     1  1914
    2  1084  1312     1     2  1915
    3  1552  1177     1     3  1916
    4  1879  1162     1     4  1917
    5  2350  1243     1     5  1918
    6  2956  1402     1     6  1919
    7  3157  1375     1     7  1920
    8  3262  1384     1     8  1921
    9  3220  1474     1     9  1922
   10  2953  1576     1    10  1923
   11  2533  1750     1    11  1924
   12  1780  1774     1    12  1925
   13  1540  1777     1    13  1926
   14  1141  1729     1    14  1927
   15   811  1699     1    15  1928
   16   886  1486     1    16  1929
   17  1108  1486     1    17  1930
   18  1588  1516     1    18  1931
