point     x     y slice color    ID
    0   790  1480     1     0  1932
    1   988  1384     1     1  1933
    2  1165  1330     1     2  1934
    3  1594  1264     1     3  1935
    4  1861  1282     1     4  1936
    5  2287  1333     1     5  1937
    6  2845  1465     1     6  1938
    7  3031  1447     1     7  1939
    8  3106  1480     1     8  1940
    9  3034  1540     1     9  1941
   10  2860  1591     1    10  1942
   11  2440  1750     1    11  1943
   12  1747  1789     1    12  1944
   13  1558  1768     1    13  1945
   14  1216  1687     1    14  1946
   15   904  1609     1    15  1947
   16   997  1462     1    16  1948
   17  1180  1465     1    17  1949
   18  1591  1519     1    18  1950
