point     x     y slice color    ID
    0  1000  1393     1     0  1951
    1  1177  1300     1     1  1952
    2  1351  1243     1     2  1953
    3  1774  1159     1     3  1954
    4  2041  1159     1     4  1955
    5  2425  1204     1     5  1956
    6  2932  1369     1     6  1957
    7  3079  1411     1     7  1958
    8  3127  1465     1     8  1959
    9  3064  1501     1     9  1960
   10  2926  1516     1    10  1961
   11  2506  1636     1    11  1962
   12  1945  1678     1    12  1963
   13  1741  1672     1    13  1964
   14  1417  1591     1    14  1965
   15  1147  1549     1    15  1966
   16  1180  1372     1    16  1967
   17  1354  1354     1    17  1968
   18  1756  1384     1    18  1969
