point     x     y slice color    ID
    0  2686   887     1     0   304
    1  2578   947     1     1   305
    2  2450   989     1     2   306
    3  2186  1073     1     3   307
    4  2034  1089     1     4   308
    5  1756  1089     1     5   309
    6  1432   979     1     6   310
    7  1310   923     1     7   311
    8  1272   881     1     8   312
    9  1324   865     1     9   313
   10  1428   885     1    10   314
   11  1642   825     1    11   315
   12  2048   743     1    12   316
   13  2174   737     1    13   317
   14  2394   761     1    14   318
   15  2612   795     1    15   319
   16  2578   899     1    16   320
   17  2442   897     1    17   321
   18  2188   909     1    18   322
