point     x     y slice color    ID
    0   956   546     1     0   324
    1  1052   710     1     1   325
    2  1100   850     1     2   326
    3  1216  1234     1     3   327
    4  1224  1470     1     4   328
    5  1192  1878     1     5   329
    6  1052  2398     1     6   330
    7  1032  2562     1     7   331
    8   992  2670     1     8   332
    9   944  2578     1     9   333
   10   924  2446     1    10   334
   11   788  2106     1    11   335
   12   692  1426     1    12   336
   13   704  1266     1    13   337
   14   764   990     1    14   338
   15   832   666     1    15   339
   16   980   730     1    16   340
   17   996   910     1    17   341
   18   964  1274     1    18   342
