point     x     y slice color    ID
    0   856   814     1     0   305
    1   920   902     1     1   306
    2   948  1026     1     2   307
    3  1048  1378     1     3   308
    4  1052  1574     1     4   309
    5  1028  1862     1     5   310
    6   944  2226     1     6   311
    7   912  2338     1     7   312
    8   880  2426     1     8   313
    9   844  2366     1     9   314
   10   824  2262     1    10   315
   11   704  2006     1    11   316
   12   652  1530     1    12   317
   13   644  1390     1    13   318
   14   700  1106     1    14   319
   15   748   874     1    15   320
   16   864   906     1    16   321
   17   876  1050     1    17   322
   18   848  1362     1    18   323
