point     x     y slice color    ID
    0  2566   883     1     0   228
    1  2432   955     1     1   229
    2  2304  1009     1     2   230
    3  2026  1097     1     3   231
    4  1874  1093     1     4   232
    5  1630  1093     1     5   233
    6  1272  1001     1     6   234
    7  1152   991     1     7   235
    8  1094   967     1     8   236
    9  1154   933     1     9   237
   10  1252   909     1    10   238
   11  1524   801     1    11   239
   12  1898   749     1    12   240
   13  2030   753     1    13   241
   14  2232   763     1    14   242
   15  2468   775     1    15   243
   16  2440   897     1    16   244
   17  2294   903     1    17   245
   18  2018   909     1    18   246
