point     x     y slice color    ID
    0  2356   901     1     0   266
    1  2226   973     1     1   267
    2  2088  1019     1     2   268
    3  1816  1085     1     3   269
    4  1648  1085     1     4   270
    5  1398  1095     1     5   271
    6  1076  1073     1     6   272
    7   970  1095     1     7   273
    8   908  1087     1     8   274
    9   940  1037     1     9   275
   10  1052   977     1    10   276
   11  1306   841     1    11   277
   12  1670   747     1    12   278
   13  1828   743     1    13   279
   14  2002   763     1    14   280
   15  2260   799     1    15   281
   16  2224   911     1    16   282
   17  2078   913     1    17   283
   18  1810   907     1    18   284
