point     x     y slice color    ID
    0  2496  1083     1     0  1615
    1  2334  1165     1     1  1616
    2  2218  1195     1     2  1617
    3  1916  1257     1     3  1618
    4  1748  1251     1     4  1619
    5  1470  1243     1     5  1620
    6  1076  1133     1     6  1621
    7   930  1123     1     7  1622
    8   864  1101     1     8  1623
    9   916  1059     1     9  1624
   10  1060  1039     1    10  1625
   11  1372   947     1    11  1626
   12  1784   887     1    12  1627
   13  1902   893     1    13  1628
   14  2130   929     1    14  1629
   15  2402   967     1    15  1630
   16  2344  1087     1    16  1631
   17  2204  1099     1    17  1632
   18  1902  1073     1    18  1633
