point     x     y slice color    ID
    0  2462   983     1     0  1634
    1  2314  1081     1     1  1635
    2  2166  1153     1     2  1636
    3  1892  1239     1     3  1637
    4  1702  1261     1     4  1638
    5  1442  1243     1     5  1639
    6  1048  1129     1     6  1640
    7   924  1089     1     7  1641
    8   884  1043     1     8  1642
    9   940  1021     1     9  1643
   10  1054  1031     1    10  1644
   11  1346   945     1    11  1645
   12  1726   883     1    12  1646
   13  1884   879     1    13  1647
   14  2076   877     1    14  1648
   15  2332   879     1    15  1649
   16  2308  1025     1    16  1650
   17  2164  1047     1    17  1651
