point     x     y slice color    ID
    0   896   710     1     0   286
    1   964   826     1     1   287
    2  1000   922     1     2   288
    3  1084  1270     1     3   289
    4  1100  1462     1     4   290
    5  1096  1762     1     5   291
    6  1004  2190     1     6   292
    7   988  2290     1     7   293
    8   964  2386     1     8   294
    9   932  2306     1     9   295
   10   912  2190     1    10   296
   11   784  1934     1    11   297
   12   700  1442     1    12   298
   13   720  1290     1    13   299
   14   748  1038     1    14   300
   15   788   790     1    15   301
   16   900   834     1    16   302
   17   892   958     1    17   303
   18   900  1270     1    18   304
