point     x     y slice color    ID
    0  2614   943     1     0   418
    1  2496  1001     1     1   419
    2  2358  1055     1     2   420
    3  2056  1129     1     3   421
    4  1874  1139     1     4   422
    5  1570  1131     1     5   423
    6  1216  1045     1     6   424
    7  1098  1009     1     7   425
    8  1054   981     1     8   426
    9  1096   953     1     9   427
   10  1198   959     1    10   428
   11  1418   867     1    11   429
   12  1916   775     1    12   430
   13  2054   783     1    13   431
   14  2316   827     1    14   432
   15  2512   845     1    15   433
   16  2496   965     1    16   434
   17  2352   969     1    17   435
   18  2066   965     1    18   436
