point     x     y slice color    ID
    0  2680   889     1     0   323
    1  2562   987     1     1   324
    2  2438  1043     1     2   325
    3  2178  1145     1     3   326
    4  1996  1171     1     4   327
    5  1732  1169     1     5   328
    6  1400  1045     1     6   329
    7  1250   959     1     7   330
    8  1220   913     1     8   331
    9  1282   911     1     9   332
   10  1400   947     1    10   333
   11  1602   897     1    11   334
   12  2006   789     1    12   335
   13  2192   799     1    13   336
   14  2374   805     1    14   337
   15  2582   809     1    15   338
   16  2560   939     1    16   339
   17  2424   955     1    17   340
   18  2178   979     1    18   341
