point     x     y slice color    ID
    0  2872  1067     1     0   361
    1  2778  1163     1     1   362
    2  2672  1223     1     2   363
    3  2368  1309     1     3   364
    4  2184  1321     1     4   365
    5  1890  1305     1     5   366
    6  1546  1163     1     6   367
    7  1438  1125     1     7   368
    8  1380  1077     1     8   369
    9  1450  1061     1     9   370
   10  1546  1067     1    10   371
   11  1784   985     1    11   372
   12  2210   963     1    12   373
   13  2376   971     1    13   374
   14  2558   979     1    14   375
   15  2780   997     1    15   376
   16  2774  1115     1    16   377
   17  2656  1113     1    17   378
   18  2384  1121     1    18   379
