point     x     y slice color    ID
    0  2568   985     1     0   456
    1  2454  1039     1     1   457
    2  2318  1093     1     2   458
    3  2010  1153     1     3   459
    4  1842  1149     1     4   460
    5  1568  1125     1     5   461
    6  1256  1003     1     6   462
    7  1114   967     1     7   463
    8  1074   929     1     8   464
    9  1128   903     1     9   465
   10  1250   899     1    10   466
   11  1484   847     1    11   467
   12  1904   799     1    12   468
   13  2012   809     1    13   469
   14  2260   849     1    14   470
   15  2494   887     1    15   471
   16  2452   987     1    16   472
   17  2310   987     1    17   473
   18  2036   985     1    18   474
