point     x     y slice color    ID
    0  2918  1007     1     0   380
    1  2810  1069     1     1   381
    2  2692  1109     1     2   382
    3  2366  1181     1     3   383
    4  2168  1185     1     4   384
    5  1888  1177     1     5   385
    6  1546  1075     1     6   386
    7  1408  1045     1     7   387
    8  1364  1009     1     8   388
    9  1414   979     1     9   389
   10  1530   965     1    10   390
   11  1784   865     1    11   391
   12  2212   799     1    12   392
   13  2366   813     1    13   393
   14  2608   853     1    14   394
   15  2836   897     1    15   395
   16  2808  1009     1    16   396
   17  2686  1011     1    17   397
   18  2394   979     1    18   398
