point     x     y slice color    ID
    0  2642   963     1     0   209
    1  2524  1031     1     1   210
    2  2406  1077     1     2   211
    3  2096  1143     1     3   212
    4  1906  1159     1     4   213
    5  1602  1159     1     5   214
    6  1246  1099     1     6   215
    7  1104  1081     1     7   216
    8  1046  1051     1     8   217
    9  1092  1021     1     9   218
   10  1228  1001     1    10   219
   11  1484   881     1    11   220
   12  1920   777     1    12   221
   13  2098   795     1    13   222
   14  2328   821     1    14   223
   15  2546   861     1    15   224
   16  2528   977     1    16   225
   17  2400   969     1    17   226
   18  2088   957     1    18   227
