point     x     y slice color    ID
    0   976   694     1     0   343
    1  1040   802     1     1   344
    2  1088   934     1     2   345
    3  1192  1302     1     3   346
    4  1192  1502     1     4   347
    5  1176  1842     1     5   348
    6  1068  2270     1     6   349
    7  1044  2394     1     7   350
    8  1012  2470     1     8   351
    9   984  2402     1     9   352
   10   968  2290     1    10   353
   11   864  1986     1    11   354
   12   784  1482     1    12   355
   13   792  1322     1    13   356
   14   824  1026     1    14   357
   15   876   798     1    15   358
   16   992   818     1    16   359
   17   992   958     1    17   360
   18   996  1278     1    18   361
