point     x     y slice color    ID
    0  2914  1077     1     0   342
    1  2768  1171     1     1   343
    2  2636  1219     1     2   344
    3  2324  1287     1     3   345
    4  2120  1283     1     4   346
    5  1930  1275     1     5   347
    6  1516  1187     1     6   348
    7  1388  1161     1     7   349
    8  1332  1129     1     8   350
    9  1396  1105     1     9   351
   10  1514  1097     1    10   352
   11  1800   987     1    11   353
   12  2190   941     1    12   354
   13  2328   935     1    13   355
   14  2578   949     1    14   356
   15  2806   971     1    15   357
   16  2766  1095     1    16   358
   17  2628  1103     1    17   359
   18  2324  1105     1    18   360
