point     x     y slice color    ID
    0  2540   971     1     0   152
    1  2428  1029     1     1   153
    2  2300  1079     1     2   154
    3  2008  1159     1     3   155
    4  1830  1173     1     4   156
    5  1572  1161     1     5   157
    6  1224  1087     1     6   158
    7  1072  1049     1     7   159
    8  1022  1017     1     8   160
    9  1074   993     1     9   161
   10  1194   987     1    10   162
   11  1446   891     1    11   163
   12  1858   815     1    12   164
   13  2014   821     1    13   165
   14  2192   825     1    14   166
   15  2448   867     1    15   167
   16  2428   975     1    16   168
   17  2294   977     1    17   169
   18  2008   989     1    18   170
