point     x     y slice color    ID
    0  2636   881     1     0    76
    1  2512   961     1     1    77
    2  2376  1023     1     2    78
    3  2082  1107     1     3    79
    4  1888  1127     1     4    80
    5  1628  1113     1     5    81
    6  1236  1031     1     6    82
    7  1124  1047     1     7    83
    8  1058  1037     1     8    84
    9  1098   987     1     9    85
   10  1216   945     1    10    86
   11  1482   813     1    11    87
   12  1942   743     1    12    88
   13  2082   741     1    13    89
   14  2324   769     1    14    90
   15  2544   791     1    15    91
   16  2518   911     1    16    92
   17  2368   909     1    17    93
   18  2070   919     1    18    94
