point     x     y slice color    ID
    0  2488  1201     1     0  1671
    1  2364  1277     1     1  1672
    2  2236  1325     1     2  1673
    3  1986  1403     1     3  1674
    4  1828  1413     1     4  1675
    5  1582  1421     1     5  1676
    6  1220  1381     1     6  1677
    7  1116  1373     1     7  1678
    8  1060  1351     1     8  1679
    9  1112  1319     1     9  1680
   10  1202  1301     1    10  1681
   11  1464  1181     1    11  1682
   12  1816  1091     1    12  1683
   13  1968  1085     1    13  1684
   14  2168  1097     1    14  1685
   15  2382  1107     1    15  1686
   16  2362  1223     1    16  1687
   17  2224  1235     1    17  1688
   18  1950  1247     1    18  1689
