point     x     y slice color    ID
    0  1004   678     1     0   438
    1  1052   786     1     1   439
    2  1080   898     1     2   440
    3  1156  1238     1     3   441
    4  1148  1438     1     4   442
    5  1120  1714     1     5   443
    6   980  2106     1     6   444
    7   932  2234     1     7   445
    8   880  2294     1     8   446
    9   872  2226     1     9   447
   10   884  2106     1    10   448
   11   820  1838     1    11   449
   12   776  1386     1    12   450
   13   792  1226     1    13   451
   14   832   974     1    14   452
   15   900   742     1    15   453
   16  1008   794     1    16   454
   17  1008   926     1    17   455
   18   968  1230     1    18   456
