point     x     y slice color    ID
    0  2708   941     1     0   171
    1  2564  1033     1     1   172
    2  2428  1095     1     2   173
    3  2150  1177     1     3   174
    4  1968  1197     1     4   175
    5  1650  1197     1     5   176
    6  1284  1113     1     6   177
    7  1168  1105     1     7   178
    8  1114  1063     1     8   179
    9  1178  1037     1     9   180
   10  1274  1025     1    10   181
   11  1536   925     1    11   182
   12  1938   831     1    12   183
   13  2154   819     1    13   184
   14  2368   821     1    14   185
   15  2616   849     1    15   186
   16  2570   979     1    16   187
   17  2418   983     1    17   188
   18  2114  1017     1    18   189
