point     x     y slice color    ID
    0  2606   881     1     0    39
    1  2488   971     1     1    40
    2  2370  1031     1     2    41
    3  2130  1117     1     3    42
    4  1980  1143     1     4    43
    5  1758  1167     1     5    44
    6  1422  1101     1     6    45
    7  1294  1075     1     7    46
    8  1240  1043     1     8    47
    9  1296  1025     1     9    48
   10  1394  1017     1    10    49
   11  1606   907     1    11    50
   12  1946   801     1    12    51
   13  2146   783     1    13    52
   14  2310   793     1    14    53
   15  2508   797     1    15    54
   16  2488   917     1    16    55
   17  2358   927     1    17    56
   18  2092   959     1    18    57
