point     x     y slice color    ID
    0  2482  1205     1     0  1520
    1  2356  1239     1     1  1521
    2  2222  1263     1     2  1522
    3  1930  1253     1     3  1523
    4  1786  1235     1     4  1524
    5  1546  1199     1     5  1525
    6  1224  1093     1     6  1526
    7  1136  1099     1     7  1527
    8  1078  1093     1     8  1528
    9  1120  1045     1     9  1529
   10  1214  1017     1    10  1530
   11  1498   925     1    11  1531
   12  1866   917     1    12  1532
   13  1942   929     1    13  1533
   14  2190  1003     1    14  1534
   15  2410  1093     1    15  1535
   16  2360  1175     1    16  1536
   17  2228  1167     1    17  1537
   18  1972  1109     1    18  1538
