point     x     y slice color    ID
    0  2974   979     1     0   114
    1  2824  1089     1     1   115
    2  2670  1143     1     2   116
    3  2306  1257     1     3   117
    4  2072  1283     1     4   118
    5  1714  1309     1     5   119
    6  1190  1257     1     6   120
    7  1080  1243     1     7   121
    8   986  1217     1     8   122
    9  1082  1169     1     9   123
   10  1188  1131     1    10   124
   11  1450   973     1    11   125
   12  2074   803     1    12   126
   13  2286   799     1    13   127
   14  2578   835     1    14   128
   15  2860   857     1    15   129
   16  2828  1039     1    16   130
   17  2670  1061     1    17   131
   18  2296  1063     1    18   132
