point     x     y slice color    ID
    0   984   518     1     0   400
    1  1036   634     1     1   401
    2  1084   758     1     2   402
    3  1152  1074     1     3   403
    4  1156  1282     1     4   404
    5  1124  1558     1     5   405
    6   984  1966     1     6   406
    7   944  2070     1     7   407
    8   900  2146     1     8   408
    9   876  2074     1     9   409
   10   896  1982     1    10   410
   11   820  1698     1    11   411
   12   788  1206     1    12   412
   13   792  1078     1    13   413
   14   832   822     1    14   414
   15   880   586     1    15   415
   16   984   634     1    16   416
   17  1012   778     1    17   417
   18   972  1074     1    18   418
