point     x     y slice color    ID
    0   956   610     1     0   381
    1  1016   750     1     1   382
    2  1056   874     1     2   383
    3  1124  1182     1     3   384
    4  1132  1386     1     4   385
    5  1108  1662     1     5   386
    6  1012  2050     1     6   387
    7  1004  2158     1     7   388
    8   984  2242     1     8   389
    9   940  2170     1     9   390
   10   916  2050     1    10   391
   11   800  1742     1    11   392
   12   752  1350     1    12   393
   13   764  1174     1    13   394
   14   792   930     1    14   395
   15   836   718     1    15   396
   16   956   762     1    16   397
   17   976   902     1    17   398
   18   944  1194     1    18   399
