point     x     y slice color    ID
    0  2410  1181     1     0  1596
    1  2268  1245     1     1  1597
    2  2130  1275     1     2  1598
    3  1820  1329     1     3  1599
    4  1628  1321     1     4  1600
    5  1402  1293     1     5  1601
    6  1018  1187     1     6  1602
    7   922  1181     1     7  1603
    8   872  1157     1     8  1604
    9   912  1117     1     9  1605
   10  1050  1083     1    10  1606
   11  1336   997     1    11  1607
   12  1710   947     1    12  1608
   13  1834   967     1    13  1609
   14  2078  1001     1    14  1610
   15  2324  1069     1    15  1611
   16  2270  1183     1    16  1612
   17  2132  1187     1    17  1613
   18  1824  1143     1    18  1614
