point     x     y slice color    ID
    0   916   738     1     0   419
    1   980   858     1     1   420
    2  1032   986     1     2   421
    3  1096  1278     1     3   422
    4  1132  1470     1     4   423
    5  1100  1758     1     5   424
    6   984  2122     1     6   425
    7   932  2250     1     7   426
    8   876  2314     1     8   427
    9   872  2234     1     9   428
   10   880  2106     1    10   429
   11   788  1838     1    11   430
   12   744  1434     1    12   431
   13   736  1274     1    13   432
   14   772  1074     1    14   433
   15   816   818     1    15   434
   16   920   866     1    16   435
   17   916  1002     1    17   436
   18   912  1286     1    18   437
