point     x     y slice color    ID
    0  3038   967     1     0   247
    1  2936  1025     1     1   248
    2  2808  1065     1     2   249
    3  2472  1149     1     3   250
    4  2268  1159     1     4   251
    5  1986  1153     1     5   252
    6  1570  1043     1     6   253
    7  1462  1031     1     7   254
    8  1390   995     1     8   255
    9  1444   967     1     9   256
   10  1578   949     1    10   257
   11  1836   853     1    11   258
   12  2306   765     1    12   259
   13  2500   769     1    13   260
   14  2724   813     1    14   261
   15  2946   853     1    15   262
   16  2928   965     1    16   263
   17  2804   961     1    17   264
   18  2496   943     1    18   265
