point     x     y slice color    ID
    0  2596  1029     1     0  1709
    1  2442  1145     1     1  1710
    2  2312  1199     1     2  1711
    3  2054  1297     1     3  1712
    4  1844  1323     1     4  1713
    5  1574  1329     1     5  1714
    6  1170  1217     1     6  1715
    7  1056  1185     1     7  1716
    8   986  1153     1     8  1717
    9  1048  1117     1     9  1718
   10  1162  1121     1    10  1719
   11  1408  1027     1    11  1720
   12  1840   927     1    12  1721
   13  2032   927     1    13  1722
   14  2266   923     1    14  1723
   15  2478   939     1    15  1724
   16  2448  1069     1    16  1725
   17  2296  1087     1    17  1726
   18  2010  1115     1    18  1727
