point     x     y slice color    ID
    0  2488   987     1     0    58
    1  2364  1043     1     1    59
    2  2250  1081     1     2    60
    3  1960  1145     1     3    61
    4  1822  1149     1     4    62
    5  1582  1151     1     5    63
    6  1240  1089     1     6    64
    7  1128  1079     1     7    65
    8  1100  1063     1     8    66
    9  1120  1025     1     9    67
   10  1226  1003     1    10    68
   11  1476   903     1    11    69
   12  1858   835     1    12    70
   13  1972   837     1    13    71
   14  2184   849     1    14    72
   15  2372   983     1    15    73
   16  2240   987     1    16    74
   17  1984   975     1    17    75
