point     x     y slice color    ID
    0  2594   881     1     0    95
    1  2492   945     1     1    96
    2  2374   989     1     2    97
    3  2072  1077     1     3    98
    4  1888  1097     1     4    99
    5  1614  1089     1     5   100
    6  1270   997     1     6   101
    7  1126   987     1     7   102
    8  1066   971     1     8   103
    9  1108   929     1     9   104
   10  1228   897     1    10   105
   11  1474   797     1    11   106
   12  1930   709     1    12   107
   13  2078   715     1    13   108
   14  2304   743     1    14   109
   15  2510   779     1    15   110
   16  2490   901     1    16   111
   17  2364   901     1    17   112
   18  2082   909     1    18   113
