point     x     y slice color    ID
    0  1000   742     1     0   362
    1  1052   858     1     1   363
    2  1100  1002     1     2   364
    3  1172  1290     1     3   365
    4  1184  1506     1     4   366
    5  1160  1794     1     5   367
    6  1088  2210     1     6   368
    7  1092  2334     1     7   369
    8  1068  2422     1     8   370
    9  1028  2358     1     9   371
   10   996  2234     1    10   372
   11   876  1902     1    11   373
   12   812  1466     1    12   374
   13   816  1298     1    13   375
   14   844  1046     1    14   376
   15   880   810     1    15   377
   16  1000   870     1    16   378
   17  1016   998     1    17   379
   18   980  1290     1    18   380
