point     x     y slice color    ID
    0  2536   925     1     0   285
    1  2408   991     1     1   286
    2  2284  1035     1     2   287
    3  2024  1097     1     3   288
    4  1872  1107     1     4   289
    5  1662  1105     1     5   290
    6  1370  1023     1     6   291
    7  1248  1001     1     7   292
    8  1192   969     1     8   293
    9  1232   947     1     9   294
   10  1366   935     1    10   295
   11  1566   855     1    11   296
   12  1886   799     1    12   297
   13  2026   803     1    13   298
   14  2222   807     1    14   299
   15  2436   829     1    15   300
   16  2412   929     1    16   301
   17  2270   929     1    17   302
   18  2022   943     1    18   303
