point     x     y slice color    ID
    0  2252  1045     1     0   133
    1  2134  1101     1     1   134
    2  1992  1137     1     2   135
    3  1690  1213     1     3   136
    4  1460  1217     1     4   137
    5  1164  1193     1     5   138
    6   796  1045     1     6   139
    7   666  1021     1     7   140
    8   594   987     1     8   141
    9   666   957     1     9   142
   10   796   953     1    10   143
   11  1066   889     1    11   144
   12  1536   825     1    12   145
   13  1724   841     1    13   146
   14  1902   867     1    14   147
   15  2178   931     1    15   148
   16  2136  1049     1    16   149
   17  1986  1039     1    17   150
   18  1664  1025     1    18   151
