point     x     y slice color    ID
    0  2888   906     1     0     1
    1  2768   966     1     1     2
    2  2660   994     1     2     3
    3  2338  1078     1     3     4
    4  2164  1092     1     4     5
    5  1910  1078     1     5     6
    6  1560   962     1     6     7
    7  1428   904     1     7     8
    8  1386   852     1     8     9
    9  1434   846     1     9    10
   10  1564   870     1    10    11
   11  1810   800     1    11    12
   12  2224   716     1    12    13
   13  2338   722     1    13    14
   14  2556   750     1    14    15
   15  2806   800     1    15    16
   16  2778   896     1    16    17
   17  2644   886     1    17    18
   18  2354   886     1    18    19
