point     x     y slice color    ID
    0  1212  1195     1     0  2141
    1  1388  1123     1     1  2142
    2  1538  1075     1     2  2143
    3  1908   991     1     3  2144
    4  2142  1001     1     4  2145
    5  2456  1013     1     5  2146
    6  2878  1111     1     6  2147
    7  3016  1111     1     7  2148
    8  3076  1145     1     8  2149
    9  3034  1197     1     9  2150
   10  2874  1235     1    10  2151
   11  2526  1349     1    11  2152
   12  2086  1413     1    12  2153
   13  1908  1423     1    13  2154
   14  1626  1397     1    14  2155
   15  1332  1337     1    15  2156
   16  1386  1185     1    16  2157
   17  1548  1189     1    17  2158
   18  1900  1189     1    18  2159
