point     x     y slice color    ID
    0  1282  1307     1     0  2008
    1  1454  1191     1     1  2009
    2  1630  1109     1     2  2010
    3  1958  1031     1     3  2011
    4  2200  1035     1     4  2012
    5  2484  1049     1     5  2013
    6  2920  1133     1     6  2014
    7  3094  1133     1     7  2015
    8  3174  1165     1     8  2016
    9  3098  1211     1     9  2017
   10  2944  1261     1    10  2018
   11  2618  1387     1    11  2019
   12  2136  1447     1    12  2020
   13  1976  1453     1    13  2021
   14  1700  1427     1    14  2022
   15  1422  1417     1    15  2023
   16  1466  1267     1    16  2024
   17  1626  1253     1    17  2025
   18  1966  1259     1    18  2026
