point     x     y slice color    ID
    0  2928   902     1     0   514
    1  2721  1016     1     1   515
    2  2547  1091     1     2   516
    3  2175  1220     1     3   517
    4  1944  1232     1     4   518
    5  1629  1244     1     5   519
    6  1110  1160     1     6   520
    7   945  1130     1     7   521
    8   894  1076     1     8   522
    9   972  1043     1     9   523
   10  1092  1037     1    10   524
   11  1464   896     1    11   525
   12  1959   782     1    12   526
   13  2178   755     1    13   527
   14  2415   770     1    14   528
   15  2757   770     1    15   529
   16  2721   950     1    16   530
   17  2529   968     1    17   531
   18  2139   986     1    18   532
