point     x     y slice color    ID
    0  1002  1356     1     0  2255
    1  1180  1236     1     1  2256
    2  1336  1170     1     2  2257
    3  1826  1040     1     3  2258
    4  2136  1032     1     4  2259
    5  2590  1072     1     5  2260
    6  3162  1232     1     6  2261
    7  3356  1254     1     7  2262
    8  3422  1294     1     8  2263
    9  3372  1358     1     9  2264
   10  3184  1388     1    10  2265
   11  2814  1532     1    11  2266
   12  2036  1614     1    12  2267
   13  1806  1592     1    13  2268
   14  1444  1534     1    14  2269
   15  1124  1484     1    15  2270
   16  1176  1296     1    16  2271
   17  1346  1284     1    17  2272
   18  1814  1310     1    18  2273
