point     x     y slice color    ID
    0   882  1309     1     0  2046
    1  1066  1193     1     1  2047
    2  1250  1103     1     2  2048
    3  1650   999     1     3  2049
    4  1900   997     1     4  2050
    5  2278  1037     1     5  2051
    6  2744  1181     1     6  2052
    7  2942  1269     1     7  2053
    8  3000  1329     1     8  2054
    9  2940  1351     1     9  2055
   10  2802  1345     1    10  2056
   11  2442  1411     1    11  2057
   12  1872  1481     1    12  2058
   13  1658  1497     1    13  2059
   14  1340  1461     1    14  2060
   15  1024  1439     1    15  2061
   16  1076  1255     1    16  2062
   17  1266  1245     1    17  2063
   18  1676  1231     1    18  2064
