point     x     y slice color    ID
    0  1130  1245     1     0  2122
    1  1322  1167     1     1  2123
    2  1490  1103     1     2  2124
    3  1834  1041     1     3  2125
    4  2058  1047     1     4  2126
    5  2398  1071     1     5  2127
    6  2844  1159     1     6  2128
    7  3002  1157     1     7  2129
    8  3086  1185     1     8  2130
    9  3022  1241     1     9  2131
   10  2868  1287     1    10  2132
   11  2518  1429     1    11  2133
   12  2006  1475     1    12  2134
   13  1810  1465     1    13  2135
   14  1532  1433     1    14  2136
   15  1268  1377     1    15  2137
   16  1324  1233     1    16  2138
   17  1494  1229     1    17  2139
   18  1862  1247     1    18  2140
