point     x     y slice color    ID
    0  2805  1025     1     0   533
    1  2604  1115     1     1   534
    2  2427  1175     1     2   535
    3  2019  1226     1     3   536
    4  1797  1211     1     4   537
    5  1476  1190     1     5   538
    6   984  1034     1     6   539
    7   834  1001     1     7   540
    8   759   968     1     8   541
    9   837   917     1     9   542
   10   996   905     1    10   543
   11  1365   800     1    11   544
   12  1857   755     1    12   545
   13  2049   761     1    13   546
   14  2358   824     1    14   547
   15  2682   875     1    15   548
   16  2622  1043     1    16   549
   17  2424  1058     1    17   550
   18  2031  1022     1    18   551
