point     x     y slice color    ID
    0  1120  2596     1     0  1127
    1  1060  2468     1     1  1128
    2  1032  2380     1     2  1129
    3   972  2124     1     3  1130
    4   960  1960     1     4  1131
    5   976  1728     1     5  1132
    6  1036  1448     1     6  1133
    7  1044  1376     1     7  1134
    8  1088  1316     1     8  1135
    9  1112  1384     1     9  1136
   10  1140  1460     1    10  1137
   11  1240  1652     1    11  1138
   12  1280  1992     1    12  1139
   13  1264  2112     1    13  1140
   14  1248  2284     1    14  1141
   15  1224  2524     1    15  1142
   16  1104  2480     1    16  1143
   17  1096  2360     1    17  1144
   18  1096  2116     1    18  1145
