point     x     y slice color    ID
    0  2445  1052     1     0   476
    1  2289  1112     1     1   477
    2  2124  1163     1     2   478
    3  1785  1226     1     3   479
    4  1599  1220     1     4   480
    5  1266  1205     1     5   481
    6   828  1082     1     6   482
    7   726  1103     1     7   483
    8   651  1079     1     8   484
    9   717  1016     1     9   485
   10   831   986     1    10   486
   11  1170   863     1    11   487
   12  1620   812     1    12   488
   13  1797   812     1    13   489
   14  2052   857     1    14   490
   15  2319   908     1    15   491
   16  2286  1049     1    16   492
   17  2127  1058     1    17   493
   18  1785  1034     1    18   494
