point     x     y slice color    ID
    0   850  1311     1     0  2179
    1  1030  1195     1     1  2180
    2  1206  1121     1     2  2181
    3  1602  1035     1     3  2182
    4  1858  1033     1     4  2183
    5  2256  1061     1     5  2184
    6  2776  1211     1     6  2185
    7  2948  1265     1     7  2186
    8  3018  1321     1     8  2187
    9  2952  1357     1     9  2188
   10  2806  1345     1    10  2189
   11  2462  1441     1    11  2190
   12  1798  1505     1    12  2191
   13  1610  1505     1    13  2192
   14  1272  1457     1    14  2193
   15   960  1433     1    15  2194
   16  1030  1279     1    16  2195
   17  1216  1263     1    17  2196
   18  1636  1273     1    18  2197
