point     x     y slice color    ID
    0  1272  2616     1     0  1089
    1  1204  2496     1     1  1090
    2  1156  2376     1     2  1091
    3  1088  2084     1     3  1092
    4  1080  1912     1     4  1093
    5  1096  1680     1     5  1094
    6  1176  1352     1     6  1095
    7  1164  1296     1     7  1096
    8  1208  1232     1     8  1097
    9  1244  1292     1     9  1098
   10  1264  1336     1    10  1099
   11  1384  1600     1    11  1100
   12  1428  1964     1    12  1101
   13  1424  2080     1    13  1102
   14  1404  2288     1    14  1103
   15  1380  2540     1    15  1104
   16  1248  2488     1    16  1105
   17  1224  2372     1    17  1106
   18  1268  2120     1    18  1107
