point     x     y slice color    ID
    0  1060  1299     1     0  2027
    1  1226  1195     1     1  2028
    2  1398  1135     1     2  2029
    3  1784  1035     1     3  2030
    4  2020  1041     1     4  2031
    5  2376  1067     1     5  2032
    6  2860  1203     1     6  2033
    7  3004  1229     1     7  2034
    8  3090  1271     1     8  2035
    9  3000  1313     1     9  2036
   10  2858  1321     1    10  2037
   11  2466  1423     1    11  2038
   12  1960  1463     1    12  2039
   13  1790  1479     1    13  2040
   14  1496  1465     1    14  2041
   15  1208  1419     1    15  2042
   16  1234  1261     1    16  2043
   17  1404  1261     1    17  2044
   18  1756  1255     1    18  2045
