point     x     y slice color    ID
    0   800  1482     1     0  2217
    1   986  1352     1     1  2218
    2  1168  1268     1     2  2219
    3  1614  1140     1     3  2220
    4  1876  1130     1     4  2221
    5  2290  1128     1     5  2222
    6  2904  1280     1     6  2223
    7  3066  1330     1     7  2224
    8  3128  1384     1     8  2225
    9  3034  1436     1     9  2226
   10  2882  1430     1    10  2227
   11  2546  1574     1    11  2228
   12  1812  1690     1    12  2229
   13  1582  1680     1    13  2230
   14  1286  1642     1    14  2231
   15   940  1606     1    15  2232
   16   982  1434     1    16  2233
   17  1164  1438     1    17  2234
   18  1614  1440     1    18  2235
