point     x     y slice color    ID
    0  1032  1333     1     0  1989
    1  1204  1205     1     1  1990
    2  1390  1121     1     2  1991
    3  1772  1023     1     3  1992
    4  1994  1023     1     4  1993
    5  2364  1019     1     5  1994
    6  2846  1127     1     6  1995
    7  3004  1151     1     7  1996
    8  3088  1193     1     8  1997
    9  3016  1237     1     9  1998
   10  2854  1255     1    10  1999
   11  2468  1393     1    11  2000
   12  1978  1475     1    12  2001
   13  1752  1475     1    13  2002
   14  1468  1461     1    14  2003
   15  1184  1439     1    15  2004
   16  1216  1253     1    16  2005
   17  1394  1245     1    17  2006
   18  1778  1251     1    18  2007
