point     x     y slice color    ID
    0  1214  1368     1     0  2236
    1  1384  1270     1     1  2237
    2  1550  1186     1     2  2238
    3  1944  1080     1     3  2239
    4  2202  1074     1     4  2240
    5  2514  1080     1     5  2241
    6  2970  1154     1     6  2242
    7  3106  1184     1     7  2243
    8  3182  1230     1     8  2244
    9  3100  1266     1     9  2245
   10  3018  1266     1    10  2246
   11  2666  1428     1    11  2247
   12  2160  1536     1    12  2248
   13  1956  1540     1    13  2249
   14  1734  1528     1    14  2250
   15  1368  1486     1    15  2251
   16  1390  1320     1    16  2252
   17  1570  1324     1    17  2253
   18  1970  1312     1    18  2254
