point     x     y slice color    ID
    0  1114  1269     1     0  2160
    1  1250  1171     1     1  2161
    2  1392  1101     1     2  2162
    3  1682  1031     1     3  2163
    4  1858  1025     1     4  2164
    5  2116  1029     1     5  2165
    6  2480  1119     1     6  2166
    7  2594  1135     1     7  2167
    8  2654  1163     1     8  2168
    9  2602  1197     1     9  2169
   10  2488  1219     1    10  2170
   11  2228  1305     1    11  2171
   12  1838  1375     1    12  2172
   13  1674  1381     1    13  2173
   14  1470  1371     1    14  2174
   15  1228  1357     1    15  2175
   16  1258  1225     1    16  2176
   17  1400  1225     1    17  2177
   18  1700  1209     1    18  2178
