point     x     y slice color    ID
    0  1368  1182     1     0  2274
    1  1490  1094     1     1  2275
    2  1626  1044     1     2  2276
    3  1920   964     1     3  2277
    4  2152   950     1     4  2278
    5  2476   966     1     5  2279
    6  2798  1038     1     6  2280
    7  2944  1060     1     7  2281
    8  2970  1110     1     8  2282
    9  2920  1144     1     9  2283
   10  2776  1164     1    10  2284
   11  2552  1254     1    11  2285
   12  2090  1346     1    12  2286
   13  1904  1342     1    13  2287
   14  1686  1320     1    14  2288
   15  1444  1278     1    15  2289
   16  1488  1152     1    16  2290
   17  1616  1140     1    17  2291
   18  1922  1156     1    18  2292
