point     x     y slice color    ID
    0  1264  2608     1     0  1165
    1  1176  2460     1     1  1166
    2  1140  2364     1     2  1167
    3  1068  2076     1     3  1168
    4  1072  1908     1     4  1169
    5  1076  1692     1     5  1170
    6  1156  1360     1     6  1171
    7  1156  1300     1     7  1172
    8  1184  1244     1     8  1173
    9  1236  1316     1     9  1174
   10  1252  1360     1    10  1175
   11  1356  1628     1    11  1176
   12  1424  1984     1    12  1177
   13  1420  2064     1    13  1178
   14  1388  2312     1    14  1179
   15  1360  2504     1    15  1180
   16  1236  2472     1    16  1181
   17  1224  2352     1    17  1182
   18  1244  2100     1    18  1183
