point     x     y slice color    ID
    0  2406   968     1     0   495
    1  2265  1040     1     1   496
    2  2148  1082     1     2   497
    3  1854  1145     1     3   498
    4  1731  1142     1     4   499
    5  1491  1136     1     5   500
    6  1197  1085     1     6   501
    7  1122  1085     1     7   502
    8  1044  1064     1     8   503
    9  1095  1013     1     9   504
   10  1173   980     1    10   505
   11  1419   857     1    11   506
   12  1761   806     1    12   507
   13  1884   821     1    13   508
   14  2076   833     1    14   509
   15  2328   878     1    15   510
   16  2268   989     1    16   511
   17  2142   992     1    17   512
   18  1875   983     1    18   513
