point     x     y slice color    ID
    0  1034  1275     1     0  1970
    1  1262  1165     1     1  1971
    2  1450  1097     1     2  1972
    3  1810  1017     1     3  1973
    4  2046  1031     1     4  1974
    5  2364  1055     1     5  1975
    6  2846  1161     1     6  1976
    7  3018  1151     1     7  1977
    8  3108  1179     1     8  1978
    9  3042  1243     1     9  1979
   10  2880  1285     1    10  1980
   11  2514  1455     1    11  1981
   12  1972  1511     1    12  1982
   13  1794  1503     1    13  1983
   14  1470  1459     1    14  1984
   15  1178  1415     1    15  1985
   16  1270  1237     1    16  1986
   17  1456  1239     1    17  1987
   18  1852  1267     1    18  1988
