point     x     y slice color    ID
    0  1128  2736     1     0  1146
    1  1064  2600     1     1  1147
    2  1040  2496     1     2  1148
    3  1008  2200     1     3  1149
    4  1016  2036     1     4  1150
    5  1036  1844     1     5  1151
    6  1160  1532     1     6  1152
    7  1160  1464     1     7  1153
    8  1208  1400     1     8  1154
    9  1240  1456     1     9  1155
   10  1252  1528     1    10  1156
   11  1340  1752     1    11  1157
   12  1368  2088     1    12  1158
   13  1340  2196     1    13  1159
   14  1260  2524     1    14  1160
   15  1232  2676     1    15  1161
   16  1112  2612     1    16  1162
   17  1116  2492     1    17  1163
   18  1164  2232     1    18  1164
