point     x     y slice color    ID
    0   916  1213     1     0  2065
    1  1084  1133     1     1  2066
    2  1254  1075     1     2  2067
    3  1670   997     1     3  2068
    4  1902  1003     1     4  2069
    5  2276  1011     1     5  2070
    6  2760  1091     1     6  2071
    7  2940  1095     1     7  2072
    8  2998  1129     1     8  2073
    9  2932  1181     1     9  2074
   10  2796  1209     1    10  2075
   11  2438  1367     1    11  2076
   12  1842  1465     1    12  2077
   13  1672  1461     1    13  2078
   14  1322  1411     1    14  2079
   15  1028  1343     1    15  2080
   16  1086  1187     1    16  2081
   17  1254  1191     1    17  2082
   18  1670  1233     1    18  2083
