point     x     y slice color    ID
    0   666  1408     1     0  2407
    1   879  1264     1     1  2408
    2  1083  1183     1     2  2409
    3  1602  1054     1     3  2410
    4  1839  1042     1     4  2411
    5  2268  1066     1     5  2412
    6  2844  1237     1     6  2413
    7  3060  1294     1     7  2414
    8  3129  1348     1     8  2415
    9  3033  1384     1     9  2416
   10  2826  1396     1    10  2417
   11  2445  1519     1    11  2418
   12  1746  1627     1    12  2419
   13  1563  1624     1    13  2420
   14  1170  1579     1    14  2421
   15   819  1531     1    15  2422
   16   894  1330     1    16  2423
   17  1086  1336     1    17  2424
   18  1572  1342     1    18  2425
