point     x     y slice color    ID
    0   750  1543     1     0  2502
    1   963  1438     1     1  2503
    2  1158  1372     1     2  2504
    3  1617  1303     1     3  2505
    4  1914  1327     1     4  2506
    5  2280  1357     1     5  2507
    6  2844  1435     1     6  2508
    7  2979  1414     1     7  2509
    8  3075  1423     1     8  2510
    9  3018  1510     1     9  2511
   10  2880  1570     1    10  2512
   11  2442  1786     1    11  2513
   12  1803  1846     1    12  2514
   13  1587  1825     1    13  2515
   14  1233  1768     1    14  2516
   15   912  1708     1    15  2517
   16   954  1522     1    16  2518
   17  1155  1519     1    17  2519
   18  1626  1573     1    18  2520
