point     x     y slice color    ID
    0   927  1330     1     0  2445
    1  1137  1228     1     1  2446
    2  1305  1186     1     2  2447
    3  1734  1114     1     3  2448
    4  1968  1114     1     4  2449
    5  2316  1150     1     5  2450
    6  2805  1240     1     6  2451
    7  2970  1246     1     7  2452
    8  3045  1255     1     8  2453
    9  2994  1312     1     9  2454
   10  2817  1384     1    10  2455
   11  2472  1519     1    11  2456
   12  1908  1582     1    12  2457
   13  1695  1564     1    13  2458
   14  1410  1534     1    14  2459
   15  1077  1474     1    15  2460
   16  1125  1297     1    16  2461
   17  1311  1318     1    17  2462
   18  1695  1339     1    18  2463
