point     x     y slice color    ID
    0   888  1448     1     0  2331
    1  1096  1330     1     1  2332
    2  1274  1262     1     2  2333
    3  1728  1164     1     3  2334
    4  2098  1158     1     4  2335
    5  2514  1184     1     5  2336
    6  3118  1288     1     6  2337
    7  3382  1274     1     7  2338
    8  3463  1304     1     8  2339
    9  3407  1370     1     9  2340
   10  3183  1444     1    10  2341
   11  2779  1628     1    11  2342
   12  1961  1730     1    12  2343
   13  1707  1712     1    13  2344
   14  1373  1656     1    14  2345
   15  1031  1594     1    15  2346
   16  1097  1420     1    16  2347
   17  1293  1412     1    17  2348
   18  1739  1452     1    18  2349
