point     x     y slice color    ID
    0   897  1441     1     0  2483
    1  1122  1375     1     1  2484
    2  1323  1324     1     2  2485
    3  1773  1231     1     3  2486
    4  1998  1255     1     4  2487
    5  2421  1294     1     5  2488
    6  2997  1435     1     6  2489
    7  3147  1438     1     7  2490
    8  3249  1483     1     8  2491
    9  3192  1543     1     9  2492
   10  2985  1582     1    10  2493
   11  2529  1714     1    11  2494
   12  1950  1756     1    12  2495
   13  1734  1756     1    13  2496
   14  1383  1708     1    14  2497
   15  1035  1618     1    15  2498
   16  1131  1435     1    16  2499
   17  1326  1447     1    17  2500
   18  1767  1471     1    18  2501
