point     x     y slice color    ID
    0   993  1429     1     0  2464
    1  1224  1303     1     1  2465
    2  1404  1240     1     2  2466
    3  1833  1129     1     3  2467
    4  2100  1135     1     4  2468
    5  2460  1171     1     5  2469
    6  3042  1321     1     6  2470
    7  3186  1321     1     7  2471
    8  3276  1351     1     8  2472
    9  3210  1420     1     9  2473
   10  3039  1447     1    10  2474
   11  2595  1576     1    11  2475
   12  2061  1627     1    12  2476
   13  1875  1645     1    13  2477
   14  1575  1627     1    14  2478
   15  1167  1588     1    15  2479
   16  1233  1384     1    16  2480
   17  1428  1378     1    17  2481
   18  1848  1384     1    18  2482
