point     x     y slice color    ID
    0  1065  1315     1     0  2711
    1  1230  1213     1     1  2712
    2  1398  1159     1     2  2713
    3  1797  1084     1     3  2714
    4  2010  1087     1     4  2715
    5  2382  1129     1     5  2716
    6  2808  1342     1     6  2717
    7  2964  1387     1     7  2718
    8  3024  1432     1     8  2719
    9  2967  1468     1     9  2720
   10  2808  1474     1    10  2721
   11  2436  1483     1    11  2722
   12  1962  1525     1    12  2723
   13  1788  1516     1    13  2724
   14  1518  1504     1    14  2725
   15  1209  1435     1    15  2726
   16  1233  1291     1    16  2727
   17  1401  1282     1    17  2728
   18  1797  1300     1    18  2729
