point     x     y slice color    ID
    0   756  1402     1     0  2597
    1   945  1315     1     1  2598
    2  1134  1246     1     2  2599
    3  1623  1162     1     3  2600
    4  1905  1177     1     4  2601
    5  2307  1228     1     5  2602
    6  2844  1363     1     6  2603
    7  3030  1384     1     7  2604
    8  3105  1417     1     8  2605
    9  3030  1480     1     9  2606
   10  2847  1513     1    10  2607
   11  2373  1642     1    11  2608
   12  1821  1672     1    12  2609
   13  1620  1681     1    13  2610
   14  1269  1639     1    14  2611
   15   915  1570     1    15  2612
   16   951  1393     1    16  2613
   17  1128  1384     1    17  2614
   18  1602  1426     1    18  2615
