point     x     y slice color    ID
    0   909  1495     1     0  2540
    1  1101  1411     1     1  2541
    2  1278  1348     1     2  2542
    3  1725  1246     1     3  2543
    4  1965  1246     1     4  2544
    5  2328  1297     1     5  2545
    6  2862  1438     1     6  2546
    7  3036  1462     1     7  2547
    8  3102  1516     1     8  2548
    9  3042  1558     1     9  2549
   10  2856  1582     1    10  2550
   11  2436  1696     1    11  2551
   12  1890  1741     1    12  2552
   13  1719  1747     1    13  2553
   14  1374  1711     1    14  2554
   15  1050  1636     1    15  2555
   16  1098  1483     1    16  2556
   17  1266  1483     1    17  2557
   18  1680  1516     1    18  2558
