point     x     y slice color    ID
    0   651  1513     1     0  2559
    1   840  1402     1     1  2560
    2  1017  1336     1     2  2561
    3  1494  1222     1     3  2562
    4  1770  1207     1     4  2563
    5  2271  1240     1     5  2564
    6  2823  1381     1     6  2565
    7  3033  1441     1     7  2566
    8  3105  1483     1     8  2567
    9  3018  1534     1     9  2568
   10  2877  1549     1    10  2569
   11  2517  1690     1    11  2570
   12  1722  1816     1    12  2571
   13  1488  1792     1    13  2572
   14  1113  1726     1    14  2573
   15   792  1651     1    15  2574
   16   846  1483     1    16  2575
   17  1035  1492     1    17  2576
   18  1500  1537     1    18  2577
