point     x     y slice color    ID
    0   681  1438     1     0  2635
    1   906  1333     1     1  2636
    2  1122  1276     1     2  2637
    3  1623  1219     1     3  2638
    4  1914  1237     1     4  2639
    5  2349  1249     1     5  2640
    6  2994  1327     1     6  2641
    7  3171  1309     1     7  2642
    8  3288  1345     1     8  2643
    9  3189  1402     1     9  2644
   10  3036  1456     1    10  2645
   11  2535  1696     1    11  2646
   12  1836  1807     1    12  2647
   13  1614  1801     1    13  2648
   14  1224  1714     1    14  2649
   15   846  1621     1    15  2650
   16   912  1408     1    16  2651
   17  1113  1423     1    17  2652
   18  1614  1510     1    18  2653
