point     x     y slice color    ID
    0   792  1399     1     0  2521
    1  1014  1294     1     1  2522
    2  1209  1219     1     2  2523
    3  1581  1162     1     3  2524
    4  1833  1168     1     4  2525
    5  2211  1195     1     5  2526
    6  2712  1336     1     6  2527
    7  2883  1387     1     7  2528
    8  2943  1447     1     8  2529
    9  2883  1477     1     9  2530
   10  2754  1474     1    10  2531
   11  2370  1582     1    11  2532
   12  1815  1633     1    12  2533
   13  1578  1657     1    13  2534
   14  1296  1627     1    14  2535
   15   918  1564     1    15  2536
   16  1029  1378     1    16  2537
   17  1218  1366     1    17  2538
   18  1596  1420     1    18  2539
