point     x     y slice color    ID
    0   879  1423     1     0  2616
    1  1038  1321     1     1  2617
    2  1230  1267     1     2  2618
    3  1602  1156     1     3  2619
    4  1875  1165     1     4  2620
    5  2262  1204     1     5  2621
    6  2721  1342     1     6  2622
    7  2907  1375     1     7  2623
    8  2970  1405     1     8  2624
    9  2898  1447     1     9  2625
   10  2742  1489     1    10  2626
   11  2406  1594     1    11  2627
   12  1806  1690     1    12  2628
   13  1614  1678     1    13  2629
   14  1296  1618     1    14  2630
   15   978  1549     1    15  2631
   16  1050  1381     1    16  2632
   17  1230  1396     1    17  2633
   18  1593  1444     1    18  2634
