point     x     y slice color    ID
    0   705  1345     1     0  2788
    1   930  1246     1     1  2789
    2  1128  1174     1     2  2790
    3  1581  1078     1     3  2791
    4  1857  1078     1     4  2792
    5  2310  1117     1     5  2793
    6  2874  1297     1     6  2794
    7  3141  1333     1     7  2795
    8  3195  1375     1     8  2796
    9  3090  1438     1     9  2797
   10  2916  1456     1    10  2798
   11  2517  1594     1    11  2799
   12  1809  1675     1    12  2800
   13  1569  1666     1    13  2801
   14  1179  1573     1    14  2802
   15   846  1504     1    15  2803
   16   930  1309     1    16  2804
   17  1137  1303     1    17  2805
   18  1596  1336     1    18  2806
