point     x     y slice color    ID
    0   747  1510     1     0  2749
    1   990  1318     1     1  2750
    2  1185  1231     1     2  2751
    3  1590  1120     1     3  2752
    4  1845  1135     1     4  2753
    5  2241  1165     1     5  2754
    6  2790  1369     1     6  2755
    7  2952  1402     1     7  2756
    8  3039  1459     1     8  2757
    9  2949  1495     1     9  2758
   10  2757  1507     1    10  2759
   11  2367  1588     1    11  2760
   12  1770  1666     1    12  2761
   13  1584  1666     1    13  2762
   14  1281  1660     1    14  2763
   15   957  1636     1    15  2764
   16   984  1447     1    16  2765
   17  1203  1432     1    17  2766
   18  1620  1429     1    18  2767
