point     x     y slice color    ID
    0   840  1507     1     0  2845
    1  1029  1402     1     1  2846
    2  1209  1324     1     2  2847
    3  1659  1210     1     3  2848
    4  1926  1207     1     4  2849
    5  2337  1243     1     5  2850
    6  2853  1444     1     6  2851
    7  2985  1456     1     7  2852
    8  3066  1459     1     8  2853
    9  3015  1537     1     9  2854
   10  2817  1603     1    10  2855
   11  2427  1723     1    11  2856
   12  1830  1759     1    12  2857
   13  1653  1744     1    13  2858
   14  1326  1711     1    14  2859
   15   981  1666     1    15  2860
   16  1032  1477     1    16  2861
   17  1224  1483     1    17  2862
   18  1677  1492     1    18  2863
