point     x     y slice color    ID
    0   774  1393     1     0  2730
    1   933  1303     1     1  2731
    2  1110  1228     1     2  2732
    3  1560  1123     1     3  2733
    4  1827  1120     1     4  2734
    5  2304  1129     1     5  2735
    6  2901  1252     1     6  2736
    7  3072  1255     1     7  2737
    8  3159  1294     1     8  2738
    9  3096  1357     1     9  2739
   10  2922  1390     1    10  2740
   11  2523  1582     1    11  2741
   12  1758  1693     1    12  2742
   13  1506  1675     1    13  2743
   14  1206  1591     1    14  2744
   15   876  1522     1    15  2745
   16   927  1366     1    16  2746
   17  1107  1372     1    17  2747
   18  1536  1423     1    18  2748
