point     x     y slice color    ID
    0   816  1654     1     0  2902
    1  1029  1513     1     1  2903
    2  1212  1435     1     2  2904
    3  1677  1324     1     3  2905
    4  1956  1321     1     4  2906
    5  2340  1366     1     5  2907
    6  2922  1585     1     6  2908
    7  3084  1624     1     7  2909
    8  3177  1675     1     8  2910
    9  3075  1729     1     9  2911
   10  2916  1726     1    10  2912
   11  2442  1792     1    11  2913
   12  1908  1819     1    12  2914
   13  1662  1837     1    13  2915
   14  1350  1837     1    14  2916
   15   981  1810     1    15  2917
   16  1032  1612     1    16  2918
   17  1218  1603     1    17  2919
   18  1692  1570     1    18  2920
