point     x     y slice color    ID
    0  1278  1246     1     0  3016
    1  1392  1201     1     1  3017
    2  1557  1153     1     2  3018
    3  1938  1078     1     3  3019
    4  2151  1075     1     4  3020
    5  2475  1102     1     5  3021
    6  2886  1195     1     6  3022
    7  3093  1267     1     7  3023
    8  3138  1300     1     8  3024
    9  3063  1327     1     9  3025
   10  2916  1321     1    10  3026
   11  2646  1432     1    11  3027
   12  2064  1522     1    12  3028
   13  1890  1510     1    13  3029
   14  1602  1456     1    14  3030
   15  1347  1393     1    15  3031
   16  1389  1258     1    16  3032
   17  1551  1267     1    17  3033
   18  1878  1303     1    18  3034
