point     x     y slice color    ID
    0   822  1498     1     0  2978
    1  1020  1375     1     1  2979
    2  1191  1312     1     2  2980
    3  1635  1219     1     3  2981
    4  1860  1225     1     4  2982
    5  2244  1261     1     5  2983
    6  2673  1423     1     6  2984
    7  2898  1489     1     7  2985
    8  2961  1537     1     8  2986
    9  2883  1579     1     9  2987
   10  2730  1582     1    10  2988
   11  2331  1678     1    11  2989
   12  1809  1702     1    12  2990
   13  1614  1714     1    13  2991
   14  1293  1675     1    14  2992
   15   960  1621     1    15  2993
   16  1017  1453     1    16  2994
   17  1197  1450     1    17  2995
   18  1590  1468     1    18  2996
