point     x     y slice color    ID
    0   723  1372     1     0  3111
    1   921  1273     1     1  3112
    2  1113  1207     1     2  3113
    3  1623  1096     1     3  3114
    4  1902  1111     1     4  3115
    5  2349  1132     1     5  3116
    6  2937  1264     1     6  3117
    7  3231  1267     1     7  3118
    8  3324  1318     1     8  3119
    9  3276  1381     1     9  3120
   10  3096  1408     1    10  3121
   11  2634  1624     1    11  3122
   12  1806  1720     1    12  3123
   13  1593  1702     1    13  3124
   14  1221  1612     1    14  3125
   15   840  1522     1    15  3126
   16   921  1336     1    16  3127
   17  1107  1333     1    17  3128
   18  1593  1384     1    18  3129
