point     x     y slice color    ID
    0   891  1354     1     0  2940
    1  1050  1240     1     1  2941
    2  1209  1177     1     2  2942
    3  1572  1084     1     3  2943
    4  1806  1081     1     4  2944
    5  2115  1105     1     5  2945
    6  2583  1204     1     6  2946
    7  2682  1216     1     7  2947
    8  2778  1240     1     8  2948
    9  2727  1291     1     9  2949
   10  2610  1333     1    10  2950
   11  2238  1477     1    11  2951
   12  1740  1528     1    12  2952
   13  1569  1522     1    13  2953
   14  1293  1498     1    14  2954
   15  1029  1471     1    15  2955
   16  1050  1303     1    16  2956
   17  1206  1297     1    17  2957
   18  1566  1306     1    18  2958
