point     x     y slice color    ID
    0   708  1453     1     0  2959
    1   897  1348     1     1  2960
    2  1059  1297     1     2  2961
    3  1419  1210     1     3  2962
    4  1659  1204     1     4  2963
    5  2007  1243     1     5  2964
    6  2412  1384     1     6  2965
    7  2577  1396     1     7  2966
    8  2643  1423     1     8  2967
    9  2577  1474     1     9  2968
   10  2460  1498     1    10  2969
   11  2166  1597     1    11  2970
   12  1614  1657     1    12  2971
   13  1410  1639     1    13  2972
   14  1143  1615     1    14  2973
   15   831  1570     1    15  2974
   16   888  1435     1    16  2975
   17  1074  1432     1    17  2976
   18  1422  1435     1    18  2977
