point     x     y slice color    ID
    0   882  1540     1     0  3054
    1  1062  1447     1     1  3055
    2  1248  1387     1     2  3056
    3  1710  1294     1     3  3057
    4  1980  1303     1     4  3058
    5  2451  1366     1     5  3059
    6  2988  1504     1     6  3060
    7  3189  1525     1     7  3061
    8  3273  1564     1     8  3062
    9  3198  1615     1     9  3063
   10  3042  1648     1    10  3064
   11  2631  1795     1    11  3065
   12  1908  1843     1    12  3066
   13  1650  1825     1    13  3067
   14  1356  1756     1    14  3068
   15  1014  1681     1    15  3069
   16  1062  1522     1    16  3070
   17  1239  1534     1    17  3071
   18  1659  1570     1    18  3072
