point     x     y slice color    ID
    0   879  1600     1     0  3035
    1  1041  1483     1     1  3036
    2  1233  1402     1     2  3037
    3  1650  1315     1     3  3038
    4  1929  1288     1     4  3039
    5  2280  1300     1     5  3040
    6  2790  1504     1     6  3041
    7  2925  1558     1     7  3042
    8  2976  1621     1     8  3043
    9  2892  1657     1     9  3044
   10  2775  1645     1    10  3045
   11  2394  1729     1    11  3046
   12  1869  1816     1    12  3047
   13  1656  1837     1    13  3048
   14  1404  1801     1    14  3049
   15  1053  1747     1    15  3050
   16  1053  1570     1    16  3051
   17  1221  1585     1    17  3052
   18  1629  1609     1    18  3053
