point     x     y slice color    ID
    0   900  1594     1     0  3263
    1  1074  1465     1     1  3264
    2  1230  1390     1     2  3265
    3  1716  1267     1     3  3266
    4  2019  1261     1     4  3267
    5  2469  1306     1     5  3268
    6  3075  1483     1     6  3269
    7  3288  1531     1     7  3270
    8  3363  1579     1     8  3271
    9  3285  1627     1     9  3272
   10  3102  1645     1    10  3273
   11  2682  1795     1    11  3274
   12  1911  1813     1    12  3275
   13  1698  1813     1    13  3276
   14  1344  1756     1    14  3277
   15  1032  1717     1    15  3278
   16  1071  1528     1    16  3279
   17  1251  1507     1    17  3280
   18  1704  1534     1    18  3281
