point     x     y slice color    ID
    0  1050  1378     1     0  3206
    1  1275  1249     1     1  3207
    2  1446  1204     1     2  3208
    3  1842  1108     1     3  3209
    4  2088  1129     1     4  3210
    5  2433  1174     1     5  3211
    6  2859  1312     1     6  3212
    7  3120  1402     1     7  3213
    8  3183  1456     1     8  3214
    9  3108  1498     1     9  3215
   10  2916  1507     1    10  3216
   11  2556  1621     1    11  3217
   12  2016  1639     1    12  3218
   13  1809  1630     1    13  3219
   14  1506  1573     1    14  3220
   15  1215  1522     1    15  3221
   16  1257  1339     1    16  3222
   17  1452  1339     1    17  3223
   18  1860  1387     1    18  3224
