point     x     y slice color    ID
    0   690  1528     1     0  3225
    1   864  1375     1     1  3226
    2  1029  1288     1     2  3227
    3  1512  1150     1     3  3228
    4  1797  1138     1     4  3229
    5  2253  1147     1     5  3230
    6  2907  1336     1     6  3231
    7  3084  1363     1     7  3232
    8  3159  1417     1     8  3233
    9  3057  1471     1     9  3234
   10  2913  1486     1    10  3235
   11  2484  1654     1    11  3236
   12  1749  1753     1    12  3237
   13  1488  1738     1    13  3238
   14  1170  1669     1    14  3239
   15   828  1639     1    15  3240
   16   864  1435     1    16  3241
   17  1038  1435     1    17  3242
   18  1464  1447     1    18  3243
