point     x     y slice color    ID
    0  1173  1540     1     0  3320
    1  1317  1450     1     1  3321
    2  1467  1396     1     2  3322
    3  1842  1312     1     3  3323
    4  2091  1309     1     4  3324
    5  2505  1333     1     5  3325
    6  2922  1480     1     6  3326
    7  3096  1522     1     7  3327
    8  3156  1555     1     8  3328
    9  3108  1594     1     9  3329
   10  2868  1615     1    10  3330
   11  2616  1702     1    11  3331
   12  2016  1765     1    12  3332
   13  1851  1741     1    13  3333
   14  1581  1693     1    14  3334
   15  1284  1636     1    15  3335
   16  1320  1510     1    16  3336
   17  1464  1516     1    17  3337
   18  1815  1534     1    18  3338
