point     x     y slice color    ID
    0  1038  1420     1     0  3187
    1  1233  1288     1     1  3188
    2  1413  1198     1     2  3189
    3  1845  1075     1     3  3190
    4  2109  1069     1     4  3191
    5  2478  1102     1     5  3192
    6  3012  1333     1     6  3193
    7  3177  1360     1     7  3194
    8  3261  1408     1     8  3195
    9  3165  1447     1     9  3196
   10  3009  1459     1    10  3197
   11  2589  1528     1    11  3198
   12  2037  1588     1    12  3199
   13  1830  1597     1    13  3200
   14  1533  1582     1    14  3201
   15  1200  1552     1    15  3202
   16  1242  1369     1    16  3203
   17  1431  1363     1    17  3204
   18  1860  1345     1    18  3205
