point     x     y slice color    ID
    0   753  1498     1     0  3339
    1   951  1381     1     1  3340
    2  1119  1315     1     2  3341
    3  1572  1201     1     3  3342
    4  1860  1201     1     4  3343
    5  2352  1216     1     5  3344
    6  2919  1375     1     6  3345
    7  3093  1405     1     7  3346
    8  3195  1441     1     8  3347
    9  3102  1486     1     9  3348
   10  2922  1528     1    10  3349
   11  2562  1675     1    11  3350
   12  1788  1780     1    12  3351
   13  1533  1756     1    13  3352
   14  1245  1699     1    14  3353
   15   900  1636     1    15  3354
   16   951  1474     1    16  3355
   17  1131  1465     1    17  3356
   18  1551  1498     1    18  3357
