point     x     y slice color    ID
    0   813  1528     1     0  3244
    1  1023  1384     1     1  3245
    2  1206  1294     1     2  3246
    3  1638  1177     1     3  3247
    4  1911  1189     1     4  3248
    5  2316  1234     1     5  3249
    6  2724  1363     1     6  3250
    7  2982  1462     1     7  3251
    8  3030  1519     1     8  3252
    9  2952  1555     1     9  3253
   10  2781  1540     1    10  3254
   11  2373  1639     1    11  3255
   12  1830  1675     1    12  3256
   13  1623  1696     1    13  3257
   14  1344  1672     1    14  3258
   15   981  1657     1    15  3259
   16  1038  1468     1    16  3260
   17  1224  1453     1    17  3261
   18  1692  1453     1    18  3262
