point     x     y slice color    ID
    0   702  1357     1     0  3168
    1   897  1279     1     1  3169
    2  1083  1222     1     2  3170
    3  1593  1135     1     3  3171
    4  1866  1153     1     4  3172
    5  2322  1168     1     5  3173
    6  2913  1333     1     6  3174
    7  3105  1339     1     7  3175
    8  3207  1378     1     8  3176
    9  3126  1456     1     9  3177
   10  2943  1492     1    10  3178
   11  2517  1660     1    11  3179
   12  1767  1735     1    12  3180
   13  1575  1711     1    13  3181
   14  1200  1621     1    14  3182
   15   828  1522     1    15  3183
   16   894  1354     1    16  3184
   17  1092  1354     1    17  3185
   18  1578  1438     1    18  3186
