point     x     y slice color    ID
    0   882  1363     1     0  3149
    1   969  1270     1     1  3150
    2  1146  1198     1     2  3151
    3  1587  1066     1     3  3152
    4  1860  1072     1     4  3153
    5  2238  1093     1     5  3154
    6  2787  1225     1     6  3155
    7  2940  1249     1     7  3156
    8  3030  1303     1     8  3157
    9  2952  1339     1     9  3158
   10  2781  1357     1    10  3159
   11  2388  1480     1    11  3160
   12  1797  1546     1    12  3161
   13  1584  1561     1    13  3162
   14  1266  1552     1    14  3163
   15   972  1519     1    15  3164
   16   975  1327     1    16  3165
   17  1152  1321     1    17  3166
   18  1557  1321     1    18  3167
