point     x     y slice color    ID
    0   705  1351     1     0  3377
    1   921  1261     1     1  3378
    2  1125  1186     1     2  3379
    3  1617  1081     1     3  3380
    4  1863  1117     1     4  3381
    5  2217  1141     1     5  3382
    6  2772  1216     1     6  3383
    7  2955  1204     1     7  3384
    8  3045  1225     1     8  3385
    9  2985  1288     1     9  3386
   10  2814  1366     1    10  3387
   11  2385  1555     1    11  3388
   12  1794  1654     1    12  3389
   13  1590  1648     1    13  3390
   14  1227  1600     1    14  3391
   15   870  1522     1    15  3392
   16   918  1330     1    16  3393
   17  1113  1339     1    17  3394
   18  1587  1378     1    18  3395
