point     x     y slice color    ID
    0   882  1465     1     0  3548
    1  1074  1366     1     1  3549
    2  1272  1294     1     2  3550
    3  1752  1219     1     3  3551
    4  2016  1228     1     4  3552
    5  2406  1267     1     5  3553
    6  2970  1411     1     6  3554
    7  3168  1453     1     7  3555
    8  3246  1519     1     8  3556
    9  3141  1552     1     9  3557
   10  3000  1564     1    10  3558
   11  2559  1690     1    11  3559
   12  1950  1741     1    12  3560
   13  1725  1735     1    13  3561
   14  1479  1699     1    14  3562
   15  1044  1639     1    15  3563
   16  1080  1456     1    16  3564
   17  1272  1471     1    17  3565
   18  1710  1504     1    18  3566
