point     x     y slice color    ID
    0  1104  1228     1     0  3358
    1  1248  1138     1     1  3359
    2  1416  1063     1     2  3360
    3  1755   979     1     3  3361
    4  1935   958     1     4  3362
    5  2289   979     1     5  3363
    6  2685  1081     1     6  3364
    7  2880  1138     1     7  3365
    8  2931  1177     1     8  3366
    9  2877  1210     1     9  3367
   10  2733  1216     1    10  3368
   11  2472  1324     1    11  3369
   12  1932  1402     1    12  3370
   13  1752  1402     1    13  3371
   14  1485  1372     1    14  3372
   15  1212  1330     1    15  3373
   16  1248  1198     1    16  3374
   17  1422  1189     1    17  3375
   18  1737  1198     1    18  3376
