point     x     y slice color    ID
    0  1011  1435     1     0  3472
    1  1188  1348     1     1  3473
    2  1383  1282     1     2  3474
    3  1854  1177     1     3  3475
    4  2211  1183     1     4  3476
    5  2568  1204     1     5  3477
    6  3054  1336     1     6  3478
    7  3246  1369     1     7  3479
    8  3318  1423     1     8  3480
    9  3258  1462     1     9  3481
   10  3078  1486     1    10  3482
   11  2721  1615     1    11  3483
   12  2040  1723     1    12  3484
   13  1800  1702     1    13  3485
   14  1455  1633     1    14  3486
   15  1119  1570     1    15  3487
   16  1200  1420     1    16  3488
   17  1383  1420     1    17  3489
   18  1815  1444     1    18  3490
