point     x     y slice color    ID
    0   819  1444     1     0  3510
    1   990  1336     1     1  3511
    2  1182  1258     1     2  3512
    3  1602  1165     1     3  3513
    4  1863  1180     1     4  3514
    5  2256  1207     1     5  3515
    6  2814  1324     1     6  3516
    7  2967  1342     1     7  3517
    8  3045  1387     1     8  3518
    9  2964  1429     1     9  3519
   10  2823  1474     1    10  3520
   11  2346  1648     1    11  3521
   12  1770  1654     1    12  3522
   13  1590  1663     1    13  3523
   14  1281  1621     1    14  3524
   15   933  1582     1    15  3525
   16   999  1402     1    16  3526
   17  1170  1390     1    17  3527
   18  1599  1402     1    18  3528
