point     x     y slice color    ID
    0   972  1471     1     0  3529
    1  1092  1399     1     1  3530
    2  1230  1333     1     2  3531
    3  1587  1219     1     3  3532
    4  1797  1204     1     4  3533
    5  2139  1210     1     5  3534
    6  2529  1333     1     6  3535
    7  2709  1384     1     7  3536
    8  2754  1405     1     8  3537
    9  2703  1435     1     9  3538
   10  2550  1441     1    10  3539
   11  2277  1537     1    11  3540
   12  1764  1639     1    12  3541
   13  1587  1627     1    13  3542
   14  1347  1603     1    14  3543
   15  1071  1576     1    15  3544
   16  1095  1453     1    16  3545
   17  1236  1438     1    17  3546
   18  1581  1432     1    18  3547
