point     x     y slice color    ID
    0   834  1525     1     0  3491
    1  1008  1432     1     1  3492
    2  1203  1342     1     2  3493
    3  1590  1237     1     3  3494
    4  1860  1213     1     4  3495
    5  2253  1225     1     5  3496
    6  2781  1387     1     6  3497
    7  2919  1405     1     7  3498
    8  2991  1444     1     8  3499
    9  2922  1477     1     9  3500
   10  2799  1501     1    10  3501
   11  2448  1630     1    11  3502
   12  1803  1756     1    12  3503
   13  1548  1738     1    13  3504
   14  1263  1687     1    14  3505
   15   960  1642     1    15  3506
   16  1008  1477     1    16  3507
   17  1197  1468     1    17  3508
   18  1593  1471     1    18  3509
