point     x     y slice color    ID
    0   873  1489     1     0  3586
    1  1065  1387     1     1  3587
    2  1245  1324     1     2  3588
    3  1644  1234     1     3  3589
    4  1866  1249     1     4  3590
    5  2208  1273     1     5  3591
    6  2682  1381     1     6  3592
    7  2838  1393     1     7  3593
    8  2922  1429     1     8  3594
    9  2850  1483     1     9  3595
   10  2694  1525     1    10  3596
   11  2337  1654     1    11  3597
   12  1806  1690     1    12  3598
   13  1620  1690     1    13  3599
   14  1290  1657     1    14  3600
   15   993  1606     1    15  3601
   16  1074  1453     1    16  3602
   17  1239  1444     1    17  3603
   18  1590  1462     1    18  3604
