point     x     y slice color    ID
    0   756  1462     1     0  3719
    1   942  1372     1     1  3720
    2  1125  1315     1     2  3721
    3  1608  1216     1     3  3722
    4  1917  1189     1     4  3723
    5  2409  1219     1     5  3724
    6  2901  1369     1     6  3725
    7  3123  1390     1     7  3726
    8  3216  1444     1     8  3727
    9  3129  1480     1     9  3728
   10  2958  1504     1    10  3729
   11  2505  1672     1    11  3730
   12  1818  1759     1    12  3731
   13  1599  1744     1    13  3732
   14  1239  1690     1    14  3733
   15   885  1615     1    15  3734
   16   942  1450     1    16  3735
   17  1113  1456     1    17  3736
   18  1563  1480     1    18  3737
