point     x     y slice color    ID
    0   993  1468     1     0  3643
    1  1173  1363     1     1  3644
    2  1341  1300     1     2  3645
    3  1758  1201     1     3  3646
    4  1995  1219     1     4  3647
    5  2328  1255     1     5  3648
    6  2805  1384     1     6  3649
    7  2961  1420     1     7  3650
    8  3006  1471     1     8  3651
    9  2955  1507     1     9  3652
   10  2799  1525     1    10  3653
   11  2439  1642     1    11  3654
   12  1926  1681     1    12  3655
   13  1746  1666     1    13  3656
   14  1449  1639     1    14  3657
   15  1134  1597     1    15  3658
   16  1173  1438     1    16  3659
   17  1344  1429     1    17  3660
   18  1734  1450     1    18  3661
