point     x     y slice color    ID
    0  1005  1522     1     0  3757
    1  1200  1375     1     1  3758
    2  1386  1285     1     2  3759
    3  1866  1174     1     3  3760
    4  2136  1171     1     4  3761
    5  2514  1207     1     5  3762
    6  3039  1366     1     6  3763
    7  3273  1456     1     7  3764
    8  3345  1510     1     8  3765
    9  3240  1531     1     9  3766
   10  3048  1543     1    10  3767
   11  2634  1642     1    11  3768
   12  2037  1693     1    12  3769
   13  1842  1696     1    13  3770
   14  1506  1669     1    14  3771
   15  1182  1651     1    15  3772
   16  1197  1450     1    16  3773
   17  1389  1438     1    17  3774
   18  1866  1432     1    18  3775
