point     x     y slice color    ID
    0  1029  1420     1     0  3738
    1  1230  1306     1     1  3739
    2  1437  1234     1     2  3740
    3  1881  1141     1     3  3741
    4  2148  1150     1     4  3742
    5  2541  1168     1     5  3743
    6  3105  1327     1     6  3744
    7  3261  1372     1     7  3745
    8  3366  1420     1     8  3746
    9  3276  1465     1     9  3747
   10  3081  1483     1    10  3748
   11  2664  1624     1    11  3749
   12  2055  1684     1    12  3750
   13  1863  1690     1    13  3751
   14  1569  1648     1    14  3752
   15  1179  1573     1    15  3753
   16  1239  1384     1    16  3754
   17  1428  1387     1    17  3755
   18  1842  1447     1    18  3756
