point     x     y slice color    ID
    0   912  1429     1     0  3605
    1  1071  1342     1     1  3606
    2  1236  1270     1     2  3607
    3  1608  1168     1     3  3608
    4  1833  1159     1     4  3609
    5  2202  1165     1     5  3610
    6  2601  1309     1     6  3611
    7  2787  1378     1     7  3612
    8  2850  1432     1     8  3613
    9  2790  1459     1     9  3614
   10  2658  1429     1    10  3615
   11  2367  1519     1    11  3616
   12  1806  1606     1    12  3617
   13  1635  1588     1    13  3618
   14  1320  1561     1    14  3619
   15  1026  1540     1    15  3620
   16  1080  1396     1    16  3621
   17  1245  1372     1    17  3622
   18  1593  1396     1    18  3623
