point     x     y slice color    ID
    0   741  1588     1     0  3662
    1   918  1468     1     1  3663
    2  1107  1399     1     2  3664
    3  1608  1270     1     3  3665
    4  1902  1267     1     4  3666
    5  2334  1312     1     5  3667
    6  2913  1465     1     6  3668
    7  3156  1459     1     7  3669
    8  3246  1504     1     8  3670
    9  3189  1561     1     9  3671
   10  2961  1618     1    10  3672
   11  2541  1798     1    11  3673
   12  1776  1873     1    12  3674
   13  1572  1846     1    13  3675
   14  1197  1783     1    14  3676
   15   858  1723     1    15  3677
   16   918  1537     1    16  3678
   17  1104  1543     1    17  3679
   18  1593  1561     1    18  3680
