point     x     y slice color    ID
    0  1176  1519     1     0  3776
    1  1377  1408     1     1  3777
    2  1569  1324     1     2  3778
    3  1953  1225     1     3  3779
    4  2217  1216     1     4  3780
    5  2580  1267     1     5  3781
    6  2973  1483     1     6  3782
    7  3156  1537     1     7  3783
    8  3231  1573     1     8  3784
    9  3150  1627     1     9  3785
   10  2991  1636     1    10  3786
   11  2622  1675     1    11  3787
   12  2154  1705     1    12  3788
   13  1926  1696     1    13  3789
   14  1647  1675     1    14  3790
   15  1350  1657     1    15  3791
   16  1383  1462     1    16  3792
   17  1578  1459     1    17  3793
   18  1956  1465     1    18  3794
