point     x     y slice color    ID
    0   945  1372     1     0  3958
    1  1101  1288     1     1  3959
    2  1263  1225     1     2  3960
    3  1644  1120     1     3  3961
    4  1902  1117     1     4  3962
    5  2283  1153     1     5  3963
    6  2733  1309     1     6  3964
    7  2895  1342     1     7  3965
    8  2937  1369     1     8  3966
    9  2901  1414     1     9  3967
   10  2754  1423     1    10  3968
   11  2430  1531     1    11  3969
   12  1824  1609     1    12  3970
   13  1623  1594     1    13  3971
   14  1329  1534     1    14  3972
   15  1053  1489     1    15  3973
   16  1104  1339     1    16  3974
   17  1269  1336     1    17  3975
   18  1623  1354     1    18  3976
