point     x     y slice color    ID
    0  1329  1390     1     0  3920
    1  1518  1294     1     1  3921
    2  1680  1249     1     2  3922
    3  2049  1159     1     3  3923
    4  2268  1168     1     4  3924
    5  2562  1192     1     5  3925
    6  3051  1354     1     6  3926
    7  3153  1378     1     7  3927
    8  3213  1423     1     8  3928
    9  3150  1456     1     9  3929
   10  3051  1465     1    10  3930
   11  2682  1588     1    11  3931
   12  2190  1627     1    12  3932
   13  2025  1612     1    13  3933
   14  1794  1582     1    14  3934
   15  1461  1528     1    15  3935
   16  1521  1372     1    16  3936
   17  1674  1369     1    17  3937
   18  2052  1402     1    18  3938
