point     x     y slice color    ID
    0   651  1312     1     0  3852
    1   849  1210     1     1  3853
    2  1059  1123     1     2  3854
    3  1476  1030     1     3  3855
    4  1764  1021     1     4  3856
    5  2220  1075     1     5  3857
    6  2835  1159     1     6  3858
    7  3009  1126     1     7  3859
    8  3069  1165     1     8  3860
    9  3009  1228     1     9  3861
   10  2793  1309     1    10  3862
   11  2454  1471     1    11  3863
   12  1725  1561     1    12  3864
   13  1455  1555     1    13  3865
   14  1119  1492     1    14  3866
   15   783  1447     1    15  3867
   16   852  1273     1    16  3868
   17  1053  1246     1    17  3869
   18  1521  1261     1    18  3870
