point     x     y slice color    ID
    0   606  1618     1     0  3795
    1   852  1474     1     1  3796
    2  1047  1405     1     2  3797
    3  1494  1261     1     3  3798
    4  1836  1261     1     4  3799
    5  2304  1297     1     5  3800
    6  2991  1522     1     6  3801
    7  3138  1534     1     7  3802
    8  3225  1591     1     8  3803
    9  3153  1642     1     9  3804
   10  2985  1633     1    10  3805
   11  2454  1807     1    11  3806
   12  1707  1864     1    12  3807
   13  1503  1864     1    13  3808
   14  1125  1816     1    14  3809
   15   753  1768     1    15  3810
   16   864  1570     1    16  3811
   17  1059  1564     1    17  3812
   18  1548  1582     1    18  3813
