point     x     y slice color    ID
    0   945  1495     1     0  3871
    1  1134  1381     1     1  3872
    2  1320  1285     1     2  3873
    3  1737  1171     1     3  3874
    4  1983  1171     1     4  3875
    5  2337  1186     1     5  3876
    6  2871  1345     1     6  3877
    7  3018  1378     1     7  3878
    8  3090  1417     1     8  3879
    9  3003  1453     1     9  3880
   10  2880  1477     1    10  3881
   11  2466  1606     1    11  3882
   12  1935  1636     1    12  3883
   13  1701  1675     1    13  3884
   14  1407  1639     1    14  3885
   15  1086  1624     1    15  3886
   16  1131  1435     1    16  3887
   17  1305  1420     1    17  3888
   18  1698  1420     1    18  3889
