point     x     y slice color    ID
    0  1131  1306     1     0  3939
    1  1284  1231     1     1  3940
    2  1446  1183     1     2  3941
    3  1809  1105     1     3  3942
    4  2031  1120     1     4  3943
    5  2292  1144     1     5  3944
    6  2706  1261     1     6  3945
    7  2853  1270     1     7  3946
    8  2925  1300     1     8  3947
    9  2874  1348     1     9  3948
   10  2745  1378     1    10  3949
   11  2427  1501     1    11  3950
   12  1965  1546     1    12  3951
   13  1779  1531     1    13  3952
   14  1545  1513     1    14  3953
   15  1260  1438     1    15  3954
   16  1299  1291     1    16  3955
   17  1455  1297     1    17  3956
   18  1788  1339     1    18  3957
