point     x     y slice color    ID
    0  1143  1450     1     0  3977
    1  1353  1309     1     1  3978
    2  1548  1234     1     2  3979
    3  2007  1108     1     3  3980
    4  2286  1126     1     4  3981
    5  2691  1156     1     5  3982
    6  3255  1372     1     6  3983
    7  3411  1420     1     7  3984
    8  3465  1474     1     8  3985
    9  3387  1507     1     9  3986
   10  3252  1510     1    10  3987
   11  2877  1624     1    11  3988
   12  2178  1681     1    12  3989
   13  1956  1654     1    13  3990
   14  1638  1600     1    14  3991
   15  1284  1570     1    15  3992
   16  1365  1393     1    16  3993
   17  1560  1378     1    17  3994
   18  1983  1402     1    18  3995
