point     x     y slice color    ID
    0  1245  1439     1     0     1
    1  1360  1346     1     1     2
    2  1518  1276     1     2     3
    3  1875  1184     1     3     4
    4  2077  1166     1     4     5
    5  2451  1184     1     5     6
    6  2848  1307     1     6     7
    7  3010  1324     1     7     8
    8  3072  1368     1     8     9
    9  3019  1404     1     9    10
   10  2865  1412     1    10    11
   11  2579  1514     1    11    12
   12  2038  1606     1    12    13
   13  1875  1597     1    13    14
   14  1584  1571     1    14    15
   15  1329  1536     1    15    16
   16  1355  1404     1    16    17
   17  1505  1395     1    17    18
   18  1853  1382     1    18    19
