point     x     y slice color    ID
    0  1089  1600     1     0  3996
    1  1233  1507     1     1  3997
    2  1392  1435     1     2  3998
    3  1722  1330     1     3  3999
    4  1950  1315     1     4  4000
    5  2274  1330     1     5  4001
    6  2697  1459     1     6  4002
    7  2844  1522     1     7  4003
    8  2892  1567     1     8  4004
    9  2832  1582     1     9  4005
   10  2718  1588     1    10  4006
   11  2451  1684     1    11  4007
   12  1908  1771     1    12  4008
   13  1710  1765     1    13  4009
   14  1464  1738     1    14  4010
   15  1197  1699     1    15  4011
   16  1245  1558     1    16  4012
   17  1398  1558     1    17  4013
   18  1725  1546     1    18  4014
