point     x     y slice color    ID
    0  1101  1314     1     0   115
    1  1279  1224     1     1   116
    2  1437  1180     1     2   117
    3  1749  1104     1     3   118
    4  1969  1106     1     4   119
    5  2259  1144     1     5   120
    6  2603  1330     1     6   121
    7  2719  1366     1     7   122
    8  2761  1408     1     8   123
    9  2709  1440     1     9   124
   10  2633  1438     1    10   125
   11  2313  1518     1    11   126
   12  1903  1536     1    12   127
   13  1699  1516     1    13   128
   14  1473  1478     1    14   129
   15  1219  1438     1    15   130
   16  1281  1294     1    16   131
   17  1453  1294     1    17   132
   18  1765  1338     1    18   133
