point     x     y slice color    ID
    0  1143  1514     1     0    39
    1  1263  1436     1     1    40
    2  1417  1386     1     2    41
    3  1783  1284     1     3    42
    4  2021  1266     1     4    43
    5  2401  1292     1     5    44
    6  2809  1432     1     6    45
    7  2955  1472     1     7    46
    8  3007  1518     1     8    47
    9  2943  1538     1     9    48
   10  2813  1548     1    10    49
   11  2493  1652     1    11    50
   12  1943  1716     1    12    51
   13  1753  1704     1    13    52
   14  1509  1676     1    14    53
   15  1241  1618     1    15    54
   16  1269  1492     1    16    55
   17  1411  1490     1    17    56
   18  1751  1494     1    18    57
