point     x     y slice color    ID
    0   927  1480     1     0     1
    1  1079  1384     1     1     2
    2  1245  1324     1     2     3
    3  1597  1224     1     3     4
    4  1847  1206     1     4     5
    5  2219  1208     1     5     6
    6  2705  1310     1     6     7
    7  2823  1312     1     7     8
    8  2897  1322     1     8     9
    9  2859  1374     1     9    10
   10  2751  1424     1    10    11
   11  2417  1600     1    11    12
   12  1789  1728     1    12    13
   13  1571  1686     1    13    14
   14  1323  1646     1    14    15
   15  1043  1590     1    15    16
   16  1083  1460     1    16    17
   17  1235  1460     1    17    18
   18  1607  1478     1    18    19
