point     x     y slice color    ID
    0  1041  1290     1     0    20
    1  1211  1186     1     1    21
    2  1347  1152     1     2    22
    3  1683  1088     1     3    23
    4  1895  1082     1     4    24
    5  2183  1096     1     5    25
    6  2593  1196     1     6    26
    7  2713  1198     1     7    27
    8  2773  1228     1     8    28
    9  2707  1276     1     9    29
   10  2605  1302     1    10    30
   11  2275  1446     1    11    31
   12  1813  1492     1    12    32
   13  1659  1480     1    13    33
   14  1431  1446     1    14    34
   15  1153  1392     1    15    35
   16  1207  1272     1    16    36
   17  1361  1276     1    17    37
   18  1683  1298     1    18    38
