point     x     y slice color    ID
    0   893  1322     1     0   172
    1  1057  1240     1     1   173
    2  1233  1166     1     2   174
    3  1557  1098     1     3   175
    4  1805  1098     1     4   176
    5  2131  1106     1     5   177
    6  2571  1218     1     6   178
    7  2723  1250     1     7   179
    8  2777  1286     1     8   180
    9  2713  1326     1     9   181
   10  2565  1342     1    10   182
   11  2233  1472     1    11   183
   12  1747  1528     1    12   184
   13  1535  1514     1    13   185
   14  1291  1482     1    14   186
   15  1015  1442     1    15   187
   16  1069  1274     1    16   188
   17  1239  1280     1    17   189
   18  1587  1304     1    18   190
