point     x     y slice color    ID
    0  1095  1404     1     0    58
    1  1221  1336     1     1    59
    2  1357  1280     1     2    60
    3  1683  1174     1     3    61
    4  1895  1148     1     4    62
    5  2219  1156     1     5    63
    6  2575  1258     1     6    64
    7  2745  1310     1     7    65
    8  2783  1352     1     8    66
    9  2713  1372     1     9    67
   10  2573  1362     1    10    68
   11  2331  1468     1    11    69
   12  1865  1562     1    12    70
   13  1677  1554     1    13    71
   14  1443  1538     1    14    72
   15  1187  1506     1    15    73
   16  1227  1388     1    16    74
   17  1351  1394     1    17    75
   18  1673  1380     1    18    76
