point     x     y slice color    ID
    0  1055  1492     1     0    77
    1  1219  1398     1     1    78
    2  1373  1342     1     2    79
    3  1717  1238     1     3    80
    4  1953  1220     1     4    81
    5  2293  1232     1     5    82
    6  2747  1356     1     6    83
    7  2915  1398     1     7    84
    8  2969  1436     1     8    85
    9  2895  1466     1     9    86
   10  2751  1478     1    10    87
   11  2443  1594     1    11    88
   12  1909  1686     1    12    89
   13  1683  1686     1    13    90
   14  1443  1650     1    14    91
   15  1151  1602     1    15    92
   16  1223  1458     1    16    93
   17  1387  1460     1    17    94
   18  1743  1460     1    18    95
