point     x     y slice color    ID
    0   955  1388     1     0    96
    1  1111  1282     1     1    97
    2  1271  1204     1     2    98
    3  1621  1104     1     3    99
    4  1877  1088     1     4   100
    5  2247  1104     1     5   101
    6  2689  1212     1     6   102
    7  2841  1240     1     7   103
    8  2881  1268     1     8   104
    9  2853  1310     1     9   105
   10  2723  1320     1    10   106
   11  2387  1446     1    11   107
   12  1805  1542     1    12   108
   13  1613  1538     1    13   109
   14  1331  1520     1    14   110
   15  1067  1484     1    15   111
   16  1121  1348     1    16   112
   17  1287  1336     1    17   113
   18  1623  1332     1    18   114
