point     x     y slice color    ID
    0  1233  1272     1     0   191
    1  1385  1174     1     1   192
    2  1537  1124     1     2   193
    3  1885  1044     1     3   194
    4  2119  1034     1     4   195
    5  2407  1060     1     5   196
    6  2827  1188     1     6   197
    7  2953  1232     1     7   198
    8  3023  1274     1     8   199
    9  2947  1294     1     9   200
   10  2823  1298     1    10   201
   11  2459  1414     1    11   202
   12  2047  1450     1    12   203
   13  1859  1442     1    13   204
   14  1623  1436     1    14   205
   15  1349  1384     1    15   206
   16  1387  1236     1    16   207
   17  1549  1242     1    17   208
   18  1869  1256     1    18   209
