point     x     y slice color    ID
    0  1091  1556     1     0   343
    1  1239  1480     1     1   344
    2  1399  1430     1     2   345
    3  1761  1344     1     3   346
    4  2021  1332     1     4   347
    5  2373  1362     1     5   348
    6  2827  1524     1     6   349
    7  2969  1560     1     7   350
    8  3029  1598     1     8   351
    9  2975  1630     1     9   352
   10  2829  1644     1    10   353
   11  2495  1764     1    11   354
   12  1957  1810     1    12   355
   13  1761  1802     1    13   356
   14  1483  1750     1    14   357
   15  1185  1678     1    15   358
   16  1245  1546     1    16   359
   17  1403  1550     1    17   360
   18  1777  1594     1    18   361
