point     x     y slice color    ID
    0  1373  1438     1     0   362
    1  1527  1362     1     1   363
    2  1671  1300     1     2   364
    3  1999  1210     1     3   365
    4  2211  1192     1     4   366
    5  2497  1208     1     5   367
    6  2921  1290     1     6   368
    7  3053  1286     1     7   369
    8  3125  1310     1     8   370
    9  3081  1354     1     9   371
   10  2945  1408     1    10   372
   11  2611  1552     1    11   373
   12  2167  1612     1    12   374
   13  1969  1602     1    13   375
   14  1747  1590     1    14   376
   15  1489  1558     1    15   377
   16  1523  1416     1    16   378
   17  1685  1416     1    17   379
   18  2015  1412     1    18   380
