point     x     y slice color    ID
    0   801  1340     1     0   381
    1   969  1244     1     1   382
    2  1143  1186     1     2   383
    3  1503  1084     1     3   384
    4  1761  1074     1     4   385
    5  2155  1094     1     5   386
    6  2603  1278     1     6   387
    7  2787  1360     1     7   388
    8  2831  1424     1     8   389
    9  2775  1436     1     9   390
   10  2605  1406     1    10   391
   11  2295  1500     1    11   392
   12  1703  1580     1    12   393
   13  1489  1568     1    13   394
   14  1191  1502     1    14   395
   15   917  1464     1    15   396
   16   971  1304     1    16   397
   17  1141  1306     1    17   398
   18  1523  1318     1    18   399
