point     x     y slice color    ID
    0  1153  1462     1     0   286
    1  1321  1380     1     1   287
    2  1481  1326     1     2   288
    3  1829  1228     1     3   289
    4  2053  1218     1     4   290
    5  2367  1238     1     5   291
    6  2813  1350     1     6   292
    7  2953  1380     1     7   293
    8  3015  1420     1     8   294
    9  2951  1454     1     9   295
   10  2843  1478     1    10   296
   11  2481  1626     1    11   297
   12  2005  1694     1    12   298
   13  1819  1676     1    13   299
   14  1575  1644     1    14   300
   15  1281  1598     1    15   301
   16  1325  1438     1    16   302
   17  1487  1446     1    17   303
   18  1819  1462     1    18   304
