point     x     y slice color    ID
    0   865  1430     1     0   210
    1  1021  1334     1     1   211
    2  1173  1276     1     2   212
    3  1529  1172     1     3   213
    4  1781  1166     1     4   214
    5  2101  1174     1     5   215
    6  2501  1294     1     6   216
    7  2649  1296     1     7   217
    8  2707  1324     1     8   218
    9  2653  1376     1     9   219
   10  2511  1410     1    10   220
   11  2179  1550     1    11   221
   12  1695  1626     1    12   222
   13  1507  1614     1    13   223
   14  1267  1588     1    14   224
   15   999  1556     1    15   225
   16  1021  1388     1    16   226
   17  1191  1396     1    17   227
   18  1545  1410     1    18   228
