point     x     y slice color    ID
    0  1173  1394     1     0   229
    1  1341  1312     1     1   230
    2  1499  1256     1     2   231
    3  1825  1162     1     3   232
    4  2075  1166     1     4   233
    5  2353  1190     1     5   234
    6  2771  1326     1     6   235
    7  2899  1334     1     7   236
    8  2963  1368     1     8   237
    9  2905  1412     1     9   238
   10  2759  1432     1    10   239
   11  2423  1552     1    11   240
   12  1999  1602     1    12   241
   13  1823  1582     1    13   242
   14  1577  1566     1    14   243
   15  1305  1520     1    15   244
   16  1345  1382     1    16   245
   17  1507  1370     1    17   246
   18  1837  1378     1    18   247
