point     x     y slice color    ID
    0   979  1482     1     0   438
    1  1149  1390     1     1   439
    2  1323  1350     1     2   440
    3  1679  1264     1     3   441
    4  1943  1256     1     4   442
    5  2319  1304     1     5   443
    6  2733  1436     1     6   444
    7  2901  1426     1     7   445
    8  2953  1448     1     8   446
    9  2917  1500     1     9   447
   10  2729  1562     1    10   448
   11  2433  1688     1    11   449
   12  1847  1778     1    12   450
   13  1613  1732     1    13   451
   14  1363  1670     1    14   452
   15  1071  1590     1    15   453
   16  1153  1444     1    16   454
   17  1313  1444     1    17   455
   18  1665  1482     1    18   456
