point     x     y slice color    ID
    0  1051  1416     1     0   590
    1  1185  1344     1     1   591
    2  1341  1294     1     2   592
    3  1613  1266     1     3   593
    4  1775  1276     1     4   594
    5  2033  1282     1     5   595
    6  2327  1322     1     6   596
    7  2483  1300     1     7   597
    8  2531  1300     1     8   598
    9  2505  1352     1     9   599
   10  2367  1408     1    10   600
   11  2087  1526     1    11   601
   12  1733  1606     1    12   602
   13  1601  1598     1    13   603
   14  1361  1560     1    14   604
   15  1143  1512     1    15   605
   16  1185  1406     1    16   606
   17  1327  1412     1    17   607
   18  1611  1434     1    18   608
