point     x     y slice color    ID
    0  1195  1344     1     0   533
    1  1345  1260     1     1   534
    2  1509  1214     1     2   535
    3  1885  1116     1     3   536
    4  2113  1114     1     4   537
    5  2445  1130     1     5   538
    6  2949  1322     1     6   539
    7  3061  1376     1     7   540
    8  3147  1426     1     8   541
    9  3059  1448     1     9   542
   10  2909  1428     1    10   543
   11  2557  1492     1    11   544
   12  2037  1560     1    12   545
   13  1855  1562     1    13   546
   14  1597  1526     1    14   547
   15  1311  1470     1    15   548
   16  1355  1332     1    16   549
   17  1509  1336     1    17   550
   18  1867  1356     1    18   551
