point     x     y slice color    ID
    0  1115  1474     1     0   495
    1  1267  1382     1     1   496
    2  1429  1336     1     2   497
    3  1757  1242     1     3   498
    4  1969  1238     1     4   499
    5  2223  1256     1     5   500
    6  2559  1342     1     6   501
    7  2787  1352     1     7   502
    8  2857  1368     1     8   503
    9  2801  1422     1     9   504
   10  2629  1488     1    10   505
   11  2333  1602     1    11   506
   12  1905  1664     1    12   507
   13  1721  1660     1    13   508
   14  1493  1620     1    14   509
   15  1235  1584     1    15   510
   16  1265  1432     1    16   511
   17  1431  1438     1    17   512
   18  1747  1426     1    18   513
