point     x     y slice color    ID
    0  1061  1498     1     0   419
    1  1203  1400     1     1   420
    2  1379  1332     1     2   421
    3  1695  1218     1     3   422
    4  1895  1204     1     4   423
    5  2189  1202     1     5   424
    6  2631  1316     1     6   425
    7  2761  1348     1     7   426
    8  2815  1382     1     8   427
    9  2765  1422     1     9   428
   10  2635  1434     1    10   429
   11  2289  1554     1    11   430
   12  1881  1630     1    12   431
   13  1695  1634     1    13   432
   14  1427  1622     1    14   433
   15  1183  1612     1    15   434
   16  1207  1452     1    16   435
   17  1375  1444     1    17   436
   18  1697  1430     1    18   437
