point     x     y slice color    ID
    0   965  1438     1     0   476
    1  1115  1348     1     1   477
    2  1289  1276     1     2   478
    3  1587  1206     1     3   479
    4  1821  1204     1     4   480
    5  2111  1232     1     5   481
    6  2545  1346     1     6   482
    7  2691  1370     1     7   483
    8  2745  1410     1     8   484
    9  2689  1444     1     9   485
   10  2535  1452     1    10   486
   11  2213  1566     1    11   487
   12  1733  1610     1    12   488
   13  1545  1610     1    13   489
   14  1339  1576     1    14   490
   15  1073  1546     1    15   491
   16  1119  1408     1    16   492
   17  1287  1414     1    17   493
   18  1595  1410     1    18   494
