point     x     y slice color    ID
    0  1271  1384     1     0   400
    1  1395  1328     1     1   401
    2  1531  1278     1     2   402
    3  1873  1200     1     3   403
    4  2083  1192     1     4   404
    5  2415  1202     1     5   405
    6  2847  1292     1     6   406
    7  2991  1298     1     7   407
    8  3059  1332     1     8   408
    9  3001  1362     1     9   409
   10  2873  1380     1    10   410
   11  2571  1518     1    11   411
   12  2011  1622     1    12   412
   13  1887  1596     1    13   413
   14  1627  1546     1    14   414
   15  1369  1492     1    15   415
   16  1397  1392     1    16   416
   17  1533  1386     1    17   417
   18  1859  1406     1    18   418
