point     x     y slice color    ID
    0   881  1404     1     0   647
    1  1079  1306     1     1   648
    2  1225  1254     1     2   649
    3  1567  1176     1     3   650
    4  1801  1182     1     4   651
    5  2111  1232     1     5   652
    6  2553  1342     1     6   653
    7  2691  1330     1     7   654
    8  2737  1350     1     8   655
    9  2705  1408     1     9   656
   10  2561  1454     1    10   657
   11  2203  1590     1    11   658
   12  1741  1648     1    12   659
   13  1535  1626     1    13   660
   14  1269  1576     1    14   661
   15  1009  1538     1    15   662
   16  1077  1378     1    16   663
   17  1251  1380     1    17   664
   18  1599  1406     1    18   665
