point     x     y slice color    ID
    0  1351  1540     1     0   742
    1  1469  1454     1     1   743
    2  1621  1400     1     2   744
    3  1959  1300     1     3   745
    4  2191  1280     1     4   746
    5  2513  1306     1     5   747
    6  2949  1438     1     6   748
    7  3113  1462     1     7   749
    8  3177  1496     1     8   750
    9  3107  1546     1     9   751
   10  2955  1550     1    10   752
   11  2653  1668     1    11   753
   12  2121  1722     1    12   754
   13  1945  1726     1    13   755
   14  1677  1682     1    14   756
   15  1445  1640     1    15   757
   16  1479  1506     1    16   758
   17  1613  1492     1    17   759
   18  1941  1490     1    18   760
