point     x     y slice color    ID
    0  1227  1456     1     0   799
    1  1391  1362     1     1   800
    2  1553  1298     1     2   801
    3  1921  1232     1     3   802
    4  2139  1226     1     4   803
    5  2427  1246     1     5   804
    6  2911  1376     1     6   805
    7  3079  1406     1     7   806
    8  3177  1446     1     8   807
    9  3099  1484     1     9   808
   10  2919  1504     1    10   809
   11  2575  1616     1    11   810
   12  2081  1648     1    12   811
   13  1905  1634     1    13   812
   14  1645  1612     1    14   813
   15  1355  1570     1    15   814
   16  1401  1428     1    16   815
   17  1563  1442     1    17   816
   18  1931  1452     1    18   817
