point     x     y slice color    ID
    0   751  1414     1     0   761
    1   913  1312     1     1   762
    2  1105  1240     1     2   763
    3  1539  1124     1     3   764
    4  1817  1106     1     4   765
    5  2237  1116     1     5   766
    6  2827  1146     1     6   767
    7  3013  1080     1     7   768
    8  3085  1088     1     8   769
    9  3031  1170     1     9   770
   10  2859  1270     1    10   771
   11  2485  1484     1    11   772
   12  1767  1646     1    12   773
   13  1511  1628     1    13   774
   14  1183  1582     1    14   775
   15   883  1532     1    15   776
   16   919  1366     1    16   777
   17  1103  1364     1    17   778
   18  1489  1390     1    18   779
