point     x     y slice color    ID
    0  1083  1328     1     0   704
    1  1219  1252     1     1   705
    2  1367  1200     1     2   706
    3  1727  1094     1     3   707
    4  2005  1060     1     4   708
    5  2385  1078     1     5   709
    6  2867  1210     1     6   710
    7  3033  1244     1     7   711
    8  3101  1282     1     8   712
    9  3025  1314     1     9   713
   10  2891  1334     1    10   714
   11  2521  1450     1    11   715
   12  1965  1508     1    12   716
   13  1743  1512     1    13   717
   14  1465  1494     1    14   718
   15  1197  1450     1    15   719
   16  1221  1310     1    16   720
   17  1383  1310     1    17   721
   18  1741  1292     1    18   722
