point     x     y slice color    ID
    0  1193  1344     1     0   609
    1  1363  1244     1     1   610
    2  1537  1174     1     2   611
    3  1875  1062     1     3   612
    4  2069  1040     1     4   613
    5  2371  1042     1     5   614
    6  2803  1174     1     6   615
    7  2935  1208     1     7   616
    8  3009  1254     1     8   617
    9  2929  1288     1     9   618
   10  2811  1286     1    10   619
   11  2459  1416     1    11   620
   12  2023  1502     1    12   621
   13  1829  1490     1    13   622
   14  1625  1488     1    14   623
   15  1323  1462     1    15   624
   16  1371  1302     1    16   625
   17  1547  1296     1    17   626
   18  1891  1270     1    18   627
