point     x     y slice color    ID
    0  1077  1536     1     0   723
    1  1233  1454     1     1   724
    2  1403  1362     1     2   725
    3  1779  1264     1     3   726
    4  2051  1244     1     4   727
    5  2431  1276     1     5   728
    6  2885  1390     1     6   729
    7  3037  1380     1     7   730
    8  3089  1392     1     8   731
    9  3019  1460     1     9   732
   10  2905  1502     1    10   733
   11  2567  1666     1    11   734
   12  1995  1728     1    12   735
   13  1751  1714     1    13   736
   14  1461  1682     1    14   737
   15  1197  1648     1    15   738
   16  1237  1502     1    16   739
   17  1415  1484     1    17   740
   18  1761  1492     1    18   741
