point     x     y slice color    ID
    0  1023  1354     1     0   837
    1  1187  1272     1     1   838
    2  1351  1234     1     2   839
    3  1747  1142     1     3   840
    4  2001  1134     1     4   841
    5  2395  1164     1     5   842
    6  2843  1270     1     6   843
    7  2993  1276     1     7   844
    8  3063  1298     1     8   845
    9  2999  1342     1     9   846
   10  2861  1378     1    10   847
   11  2543  1548     1    11   848
   12  1915  1662     1    12   849
   13  1725  1636     1    13   850
   14  1415  1556     1    14   851
   15  1123  1484     1    15   852
   16  1187  1356     1    16   853
   17  1357  1358     1    17   854
   18  1713  1406     1    18   855
