point     x     y slice color    ID
    0  1395  1500     1     0   875
    1  1533  1426     1     1   876
    2  1677  1376     1     2   877
    3  2009  1310     1     3   878
    4  2207  1294     1     4   879
    5  2509  1320     1     5   880
    6  2915  1418     1     6   881
    7  3063  1420     1     7   882
    8  3113  1466     1     8   883
    9  3057  1498     1     9   884
   10  2925  1522     1    10   885
   11  2603  1642     1    11   886
   12  2133  1712     1    12   887
   13  1987  1702     1    13   888
   14  1789  1680     1    14   889
   15  1501  1622     1    15   890
   16  1539  1496     1    16   891
   17  1681  1512     1    17   892
   18  1997  1530     1    18   893
