point     x     y slice color    ID
    0  1133  1178     1     0   818
    1  1283  1118     1     1   819
    2  1443  1082     1     2   820
    3  1801  1006     1     3   821
    4  2077  1018     1     4   822
    5  2417  1060     1     5   823
    6  2865  1200     1     6   824
    7  3011  1230     1     7   825
    8  3079  1280     1     8   826
    9  3011  1312     1     9   827
   10  2873  1328     1    10   828
   11  2523  1434     1    11   829
   12  1947  1474     1    12   830
   13  1795  1458     1    13   831
   14  1491  1398     1    14   832
   15  1217  1316     1    15   833
   16  1283  1184     1    16   834
   17  1441  1188     1    17   835
   18  1811  1240     1    18   836
