point     x     y slice color    ID
    0  1063  1412     1     0  1008
    1  1211  1342     1     1  1009
    2  1365  1308     1     2  1010
    3  1685  1240     1     3  1011
    4  1891  1248     1     4  1012
    5  2233  1272     1     5  1013
    6  2639  1390     1     6  1014
    7  2791  1394     1     7  1015
    8  2851  1408     1     8  1016
    9  2801  1456     1     9  1017
   10  2651  1498     1    10  1018
   11  2381  1614     1    11  1019
   12  1809  1690     1    12  1020
   13  1669  1662     1    13  1021
   14  1385  1588     1    14  1022
   15  1143  1516     1    15  1023
   16  1203  1414     1    16  1024
   17  1357  1412     1    17  1025
   18  1673  1470     1    18  1026
