point     x     y slice color    ID
    0  1217  1472     1     0   894
    1  1363  1390     1     1   895
    2  1515  1320     1     2   896
    3  1845  1226     1     3   897
    4  2045  1218     1     4   898
    5  2331  1234     1     5   899
    6  2721  1346     1     6   900
    7  2887  1394     1     7   901
    8  2945  1436     1     8   902
    9  2885  1466     1     9   903
   10  2723  1482     1    10   904
   11  2445  1578     1    11   905
   12  2019  1664     1    12   906
   13  1831  1656     1    13   907
   14  1577  1628     1    14   908
   15  1331  1586     1    15   909
   16  1367  1444     1    16   910
   17  1525  1438     1    17   911
   18  1847  1436     1    18   912
