point     x     y slice color    ID
    0   969  1422     1     0   856
    1  1141  1352     1     1   857
    2  1303  1310     1     2   858
    3  1679  1222     1     3   859
    4  1895  1220     1     4   860
    5  2233  1262     1     5   861
    6  2669  1410     1     6   862
    7  2839  1432     1     7   863
    8  2903  1468     1     8   864
    9  2831  1516     1     9   865
   10  2695  1540     1    10   866
   11  2335  1668     1    11   867
   12  1803  1706     1    12   868
   13  1663  1684     1    13   869
   14  1369  1634     1    14   870
   15  1077  1562     1    15   871
   16  1139  1422     1    16   872
   17  1305  1414     1    17   873
   18  1673  1460     1    18   874
