point     x     y slice color    ID
    0  1157  1340     1     0   951
    1  1297  1246     1     1   952
    2  1453  1172     1     2   953
    3  1821  1094     1     3   954
    4  2079  1082     1     4   955
    5  2353  1092     1     5   956
    6  2825  1204     1     6   957
    7  2965  1232     1     7   958
    8  3017  1270     1     8   959
    9  2955  1306     1     9   960
   10  2835  1298     1    10   961
   11  2457  1426     1    11   962
   12  1963  1506     1    12   963
   13  1799  1494     1    13   964
   14  1551  1474     1    14   965
   15  1289  1454     1    15   966
   16  1299  1304     1    16   967
   17  1447  1304     1    17   968
   18  1813  1296     1    18   969
