point     x     y slice color    ID
    0  1027  1424     1     0   913
    1  1151  1344     1     1   914
    2  1313  1296     1     2   915
    3  1675  1198     1     3   916
    4  1887  1192     1     4   917
    5  2271  1200     1     5   918
    6  2715  1298     1     6   919
    7  2921  1308     1     7   920
    8  2997  1338     1     8   921
    9  2941  1388     1     9   922
   10  2735  1416     1    10   923
   11  2439  1536     1    11   924
   12  1811  1656     1    12   925
   13  1635  1648     1    13   926
   14  1335  1578     1    14   927
   15  1111  1530     1    15   928
   16  1163  1394     1    16   929
   17  1313  1386     1    17   930
   18  1645  1398     1    18   931
