point     x     y slice color    ID
    0  1293  1256     1     0   172
    1  1461  1180     1     1   173
    2  1635  1130     1     2   174
    3  2003  1064     1     3   175
    4  2231  1074     1     4   176
    5  2601  1136     1     5   177
    6  3031  1286     1     6   178
    7  3231  1322     1     7   179
    8  3265  1352     1     8   180
    9  3183  1396     1     9   181
   10  3035  1410     1    10   182
   11  2691  1522     1    11   183
   12  2141  1564     1    12   184
   13  1939  1536     1    13   185
   14  1649  1452     1    14   186
   15  1387  1390     1    15   187
   16  1461  1236     1    16   188
   17  1637  1240     1    17   189
   18  1987  1268     1    18   190
