point     x     y slice color    ID
    0  1253  1390     1     0    20
    1  1393  1308     1     1    21
    2  1551  1252     1     2    22
    3  1867  1166     1     3    23
    4  2107  1178     1     4    24
    5  2443  1200     1     5    25
    6  2885  1280     1     6    26
    7  3039  1268     1     7    27
    8  3119  1292     1     8    28
    9  3061  1336     1     9    29
   10  2883  1412     1    10    30
   11  2581  1556     1    11    31
   12  2019  1600     1    12    32
   13  1847  1580     1    13    33
   14  1605  1552     1    14    34
   15  1365  1510     1    15    35
   16  1399  1370     1    16    36
   17  1543  1378     1    17    37
   18  1853  1400     1    18    38
