point     x     y slice color    ID
    0  1049  1434     1     0    58
    1  1197  1348     1     1    59
    2  1359  1304     1     2    60
    3  1837  1206     1     3    61
    4  2103  1202     1     4    62
    5  2487  1230     1     5    63
    6  3101  1348     1     6    64
    7  3213  1346     1     7    65
    8  3299  1376     1     8    66
    9  3221  1432     1     9    67
   10  3093  1470     1    10    68
   11  2739  1634     1    11    69
   12  1991  1778     1    12    70
   13  1819  1754     1    13    71
   14  1445  1656     1    14    72
   15  1151  1572     1    15    73
   16  1191  1426     1    16    74
   17  1361  1438     1    17    75
   18  1793  1488     1    18    76
