point     x     y slice color    ID
    0   997  1322     1     0   153
    1  1143  1260     1     1   154
    2  1287  1230     1     2   155
    3  1641  1158     1     3   156
    4  1861  1170     1     4   157
    5  2189  1212     1     5   158
    6  2617  1388     1     6   159
    7  2815  1452     1     7   160
    8  2881  1490     1     8   161
    9  2801  1518     1     9   162
   10  2653  1498     1    10   163
   11  2337  1552     1    11   164
   12  1803  1596     1    12   165
   13  1615  1564     1    13   166
   14  1343  1514     1    14   167
   15  1087  1442     1    15   168
   16  1139  1328     1    16   169
   17  1289  1334     1    17   170
   18  1631  1358     1    18   171
