point     x     y slice color    ID
    0   953  1356     1     0    39
    1  1087  1288     1     1    40
    2  1235  1248     1     2    41
    3  1575  1156     1     3    42
    4  1785  1148     1     4    43
    5  2141  1178     1     5    44
    6  2559  1268     1     6    45
    7  2713  1268     1     7    46
    8  2769  1284     1     8    47
    9  2725  1332     1     9    48
   10  2577  1380     1    10    49
   11  2299  1516     1    11    50
   12  1747  1606     1    12    51
   13  1531  1582     1    13    52
   14  1285  1522     1    14    53
   15  1031  1468     1    15    54
   16  1085  1344     1    16    55
   17  1233  1344     1    17    56
   18  1589  1366     1    18    57
