point     x     y slice color    ID
    0  1307  1326     1     0   115
    1  1461  1262     1     1   116
    2  1627  1208     1     2   117
    3  1959  1128     1     3   118
    4  2159  1126     1     4   119
    5  2423  1140     1     5   120
    6  2807  1236     1     6   121
    7  2939  1236     1     7   122
    8  2989  1266     1     8   123
    9  2937  1310     1     9   124
   10  2819  1348     1    10   125
   11  2531  1476     1    11   126
   12  2083  1548     1    12   127
   13  1945  1540     1    13   128
   14  1661  1504     1    14   129
   15  1411  1454     1    15   130
   16  1461  1306     1    16   131
   17  1615  1308     1    17   132
   18  1945  1328     1    18   133
