point     x     y slice color    ID
    0  1549  1350     1     0    96
    1  1663  1290     1     1    97
    2  1793  1250     1     2    98
    3  2101  1178     1     3    99
    4  2285  1166     1     4   100
    5  2585  1214     1     5   101
    6  2925  1342     1     6   102
    7  3063  1372     1     7   103
    8  3103  1408     1     8   104
    9  3047  1424     1     9   105
   10  2937  1426     1    10   106
   11  2647  1492     1    11   107
   12  2221  1538     1    12   108
   13  2083  1516     1    13   109
   14  1919  1500     1    14   110
   15  1641  1452     1    15   111
   16  1661  1338     1    16   112
   17  1801  1340     1    17   113
   18  2087  1356     1    18   114
