point     x     y slice color    ID
    0  1133  1476     1     0   305
    1  1269  1406     1     1   306
    2  1413  1356     1     2   307
    3  1717  1268     1     3   308
    4  1931  1262     1     4   309
    5  2229  1298     1     5   310
    6  2533  1424     1     6   311
    7  2681  1470     1     7   312
    8  2733  1510     1     8   313
    9  2673  1534     1     9   314
   10  2543  1540     1    10   315
   11  2283  1608     1    11   316
   12  1877  1656     1    12   317
   13  1691  1648     1    13   318
   14  1475  1626     1    14   319
   15  1231  1584     1    15   320
   16  1275  1458     1    16   321
   17  1409  1466     1    17   322
   18  1739  1460     1    18   323
