point     x     y slice color    ID
    0  1385  1294     1     0   210
    1  1525  1220     1     1   211
    2  1711  1144     1     2   212
    3  2019  1062     1     3   213
    4  2235  1044     1     4   214
    5  2583  1050     1     5   215
    6  3019  1156     1     6   216
    7  3193  1228     1     7   217
    8  3227  1272     1     8   218
    9  3165  1284     1     9   219
   10  3033  1278     1    10   220
   11  2733  1406     1    11   221
   12  2195  1526     1    12   222
   13  1995  1500     1    13   223
   14  1745  1458     1    14   224
   15  1481  1418     1    15   225
   16  1527  1266     1    16   226
   17  1701  1256     1    17   227
   18  2037  1258     1    18   228
