point     x     y slice color    ID
    0  1217  1324     1     0   286
    1  1377  1252     1     1   287
    2  1533  1208     1     2   288
    3  1843  1136     1     3   289
    4  2033  1136     1     4   290
    5  2319  1162     1     5   291
    6  2741  1218     1     6   292
    7  2843  1216     1     7   293
    8  2911  1240     1     8   294
    9  2883  1280     1     9   295
   10  2775  1326     1    10   296
   11  2433  1488     1    11   297
   12  1961  1544     1    12   298
   13  1821  1530     1    13   299
   14  1625  1510     1    14   300
   15  1317  1430     1    15   301
   16  1379  1316     1    16   302
   17  1523  1322     1    17   303
   18  1823  1352     1    18   304
