point     x     y slice color    ID
    0  1361  1226     1     0   267
    1  1477  1172     1     1   268
    2  1615  1146     1     2   269
    3  1905  1096     1     3   270
    4  2091  1096     1     4   271
    5  2367  1138     1     5   272
    6  2657  1220     1     6   273
    7  2861  1222     1     7   274
    8  2913  1234     1     8   275
    9  2863  1268     1     9   276
   10  2739  1312     1    10   277
   11  2481  1398     1    11   278
   12  2033  1466     1    12   279
   13  1883  1436     1    13   280
   14  1639  1380     1    14   281
   15  1423  1312     1    15   282
   16  1475  1218     1    16   283
   17  1609  1214     1    17   284
   18  1897  1262     1    18   285
