point     x     y slice color    ID
    0  1231  1396     1     0   324
    1  1389  1328     1     1   325
    2  1549  1280     1     2   326
    3  1859  1216     1     3   327
    4  2037  1220     1     4   328
    5  2323  1260     1     5   329
    6  2731  1374     1     6   330
    7  2859  1392     1     7   331
    8  2933  1422     1     8   332
    9  2879  1460     1     9   333
   10  2745  1484     1    10   334
   11  2427  1596     1    11   335
   12  1973  1654     1    12   336
   13  1833  1632     1    13   337
   14  1641  1590     1    14   338
   15  1349  1520     1    15   339
   16  1387  1398     1    16   340
   17  1543  1412     1    17   341
   18  1873  1446     1    18   342
