point     x     y slice color    ID
    0  1279  1426     1     0   362
    1  1463  1322     1     1   363
    2  1623  1266     1     2   364
    3  1955  1182     1     3   365
    4  2165  1176     1     4   366
    5  2491  1204     1     5   367
    6  2915  1364     1     6   368
    7  3051  1426     1     7   369
    8  3099  1492     1     8   370
    9  3041  1496     1     9   371
   10  2937  1468     1    10   372
   11  2601  1548     1    11   373
   12  2125  1618     1    12   374
   13  1933  1616     1    13   375
   14  1677  1582     1    14   376
   15  1411  1540     1    15   377
   16  1465  1402     1    16   378
   17  1627  1402     1    17   379
   18  1955  1422     1    18   380
