point     x     y slice color    ID
    0  1138  1459     1     0   457
    1  1274  1379     1     1   458
    2  1422  1309     1     2   459
    3  1746  1221     1     3   460
    4  1968  1205     1     4   461
    5  2286  1207     1     5   462
    6  2672  1315     1     6   463
    7  2814  1323     1     7   464
    8  2852  1347     1     8   465
    9  2810  1393     1     9   466
   10  2696  1413     1    10   467
   11  2440  1529     1    11   468
   12  1918  1625     1    12   469
   13  1738  1627     1    13   470
   14  1476  1589     1    14   471
   15  1248  1561     1    15   472
   16  1270  1435     1    16   473
   17  1418  1421     1    17   474
   18  1736  1415     1    18   475
