point     x     y slice color    ID
    0   901   359     1     0  1023
    1   988   476     1     1  1024
    2  1051   623     1     2  1025
    3  1141   941     1     3  1026
    4  1162  1154     1     4  1027
    5  1174  1451     1     5  1028
    6  1048  1889     1     6  1029
    7  1024  2012     1     7  1030
    8   991  2102     1     8  1031
    9   955  2006     1     9  1032
   10   940  1883     1    10  1033
   11   835  1616     1    11  1034
   12   757  1115     1    12  1035
   13   760   923     1    13  1036
   14   793   707     1    14  1037
   15   811   458     1    15  1038
   16   955   488     1    16  1039
   17   964   641     1    17  1040
   18   979   953     1    18  1041
