point     x     y slice color    ID
    0   952   572     1     0  1194
    1  1045   671     1     1  1195
    2  1102   791     1     2  1196
    3  1228  1109     1     3  1197
    4  1264  1328     1     4  1198
    5  1282  1601     1     5  1199
    6  1240  1982     1     6  1200
    7  1267  2177     1     7  1201
    8  1255  2255     1     8  1202
    9  1201  2210     1     9  1203
   10  1141  2066     1    10  1204
   11   982  1826     1    11  1205
   12   850  1322     1    12  1206
   13   838  1151     1    13  1207
   14   871   887     1    14  1208
   15   883   668     1    15  1209
   16  1000   680     1    16  1210
   17  1018   818     1    17  1211
   18  1066  1121     1    18  1212
