point     x     y slice color    ID
    0  2400   810     1     0   132
    1  2232   922     1     1   133
    2  2108   958     1     2   134
    3  1868  1040     1     3   135
    4  1666  1066     1     4   136
    5  1426  1064     1     5   137
    6  1040   982     1     6   138
    7   902   960     1     7   139
    8   848   924     1     8   140
    9   892   890     1     9   141
   10  1028   882     1    10   142
   11  1306   772     1    11   143
   12  1648   692     1    12   144
   13  1884   680     1    13   145
   14  2042   692     1    14   146
   15  2284   704     1    15   147
   16  2236   822     1    16   148
   17  2092   836     1    17   149
