point     x     y slice color    ID
    0  1100  2628     1     0  1201
    1  1020  2512     1     1  1202
    2   992  2404     1     2  1203
    3   948  2156     1     3  1204
    4   964  1980     1     4  1205
    5   984  1828     1     5  1206
    6  1064  1532     1     6  1207
    7  1088  1492     1     7  1208
    8  1120  1432     1     8  1209
    9  1148  1488     1     9  1210
   10  1156  1544     1    10  1211
   11  1240  1780     1    11  1212
   12  1252  2076     1    12  1213
   13  1252  2152     1    13  1214
   14  1232  2328     1    14  1215
   15  1200  2552     1    15  1216
   16  1100  2508     1    16  1217
   17  1076  2392     1    17  1218
   18  1108  2160     1    18  1219
