point     x     y slice color    ID
    0  1168  2272     1     0  1220
    1  1100  2148     1     1  1221
    2  1060  2056     1     2  1222
    3   996  1792     1     3  1223
    4   980  1648     1     4  1224
    5   972  1452     1     5  1225
    6  1004  1140     1     6  1226
    7   996  1080     1     7  1227
    8  1024  1012     1     8  1228
    9  1072  1048     1     9  1229
   10  1096  1124     1    10  1230
   11  1224  1324     1    11  1231
   12  1300  1660     1    12  1232
   13  1304  1772     1    13  1233
   14  1304  1972     1    14  1234
   15  1272  2196     1    15  1235
   16  1152  2152     1    16  1236
   17  1132  2040     1    17  1237
   18  1132  1796     1    18  1238
