point     x     y slice color    ID
    0  1063   539     1     0  1137
    1  1141   668     1     1  1138
    2  1183   797     1     2  1139
    3  1276  1121     1     3  1140
    4  1282  1292     1     4  1141
    5  1279  1550     1     5  1142
    6  1243  1937     1     6  1143
    7  1285  2021     1     7  1144
    8  1288  2099     1     8  1145
    9  1225  2066     1     9  1146
   10  1150  1973     1    10  1147
   11   994  1676     1    11  1148
   12   904  1292     1    12  1149
   13   892  1118     1    13  1150
   14   913   857     1    14  1151
   15   958   623     1    15  1152
   16  1081   677     1    16  1153
   17  1090   824     1    17  1154
   18  1087  1136     1    18  1155
