point     x     y slice color    ID
    0  2619   959     1     0    39
    1  2469  1064     1     1    40
    2  2319  1121     1     2    41
    3  2023  1195     1     3    42
    4  1827  1189     1     4    43
    5  1589  1188     1     5    44
    6  1164  1091     1     6    45
    7  1044  1084     1     7    46
    8   963  1053     1     8    47
    9  1035  1017     1     9    48
   10  1161   999     1    10    49
   11  1448   880     1    11    50
   12  1868   812     1    12    51
   13  2015   823     1    13    52
   14  2243   837     1    14    53
   15  2503   865     1    15    54
   16  2471  1000     1    16    55
   17  2317  1005     1    17    56
   18  2008  1023     1    18    57
