point     x     y slice color    ID
    0   847   278     1     0  1213
    1   946   380     1     1  1214
    2  1018   503     1     2  1215
    3  1147   827     1     3  1216
    4  1198  1040     1     4  1217
    5  1234  1385     1     5  1218
    6  1147  1832     1     6  1219
    7  1141  1952     1     7  1220
    8  1105  2018     1     8  1221
    9  1072  1952     1     9  1222
   10  1063  1841     1    10  1223
   11   901  1526     1    11  1224
   12   790  1055     1    12  1225
   13   757   860     1    13  1226
   14   754   623     1    14  1227
   15   760   374     1    15  1228
   16   901   401     1    16  1229
   17   928   530     1    17  1230
   18   958   860     1    18  1231
