point     x     y slice color    ID
    0  2554  1028     1     0   341
    1  2422  1100     1     1   342
    2  2294  1140     1     2   343
    3  2006  1218     1     3   344
    4  1796  1236     1     4   345
    5  1512  1242     1     5   346
    6  1110  1130     1     6   347
    7  1000  1100     1     7   348
    8   950  1062     1     8   349
    9   996  1042     1     9   350
   10  1106  1028     1    10   351
   11  1350   908     1    11   352
   12  1834   822     1    12   353
   13  1988   832     1    13   354
   14  2220   880     1    14   355
   15  2462   930     1    15   356
   16  2430  1040     1    16   357
   17  2286  1038     1    17   358
   18  2010  1016     1    18   359
