point     x     y slice color    ID
    0  1000  1325     1     0   400
    1  1152  1231     1     1   401
    2  1282  1187     1     2   402
    3  1620  1127     1     3   403
    4  1806  1129     1     4   404
    5  2070  1167     1     5   405
    6  2482  1337     1     6   406
    7  2590  1381     1     7   407
    8  2640  1435     1     8   408
    9  2570  1445     1     9   409
   10  2490  1439     1    10   410
   11  2142  1489     1    11   411
   12  1742  1515     1    12   412
   13  1582  1507     1    13   413
   14  1332  1465     1    14   414
   15  1122  1431     1    15   415
   16  1140  1305     1    16   416
   17  1294  1295     1    17   417
   18  1598  1331     1    18   418
