point     x     y slice color    ID
    0  2794   923     1     0   227
    1  2684   973     1     1   228
    2  2572  1003     1     2   229
    3  2294  1047     1     3   230
    4  2162  1051     1     4   231
    5  1934  1045     1     5   232
    6  1636   945     1     6   233
    7  1520   917     1     7   234
    8  1470   887     1     8   235
    9  1528   863     1     9   236
   10  1654   863     1    10   237
   11  1856   793     1    11   238
   12  2196   735     1    12   239
   13  2312   755     1    13   240
   14  2484   781     1    14   241
   15  2722   839     1    15   242
   16  2690   909     1    16   243
   17  2576   897     1    17   244
   18  2330   887     1    18   245
