point     x     y slice color    ID
    0  2856   865     1     0   864
    1  2728   961     1     1   865
    2  2586  1029     1     2   866
    3  2266  1155     1     3   867
    4  2026  1189     1     4   868
    5  1728  1209     1     5   869
    6  1288  1139     1     6   870
    7  1162  1149     1     7   871
    8  1082  1133     1     8   872
    9  1140  1085     1     9   873
   10  1260  1035     1    10   874
   11  1544   879     1    11   875
   12  2060   737     1    12   876
   13  2270   737     1    13   877
   14  2512   755     1    14   878
   15  2742   769     1    15   879
   16  2726   897     1    16   880
   17  2584   903     1    17   881
   18  2260   925     1    18   882
