point     x     y slice color    ID
    0  2662  1008     1     0   228
    1  2512  1094     1     1   229
    2  2388  1138     1     2   230
    3  2094  1218     1     3   231
    4  1902  1228     1     4   232
    5  1656  1208     1     5   233
    6  1258  1106     1     6   234
    7  1134  1088     1     7   235
    8  1052  1056     1     8   236
    9  1118  1024     1     9   237
   10  1252  1014     1    10   238
   11  1522   908     1    11   239
   12  1924   860     1    12   240
   13  2106   866     1    13   241
   14  2268   876     1    14   242
   15  2552   898     1    15   243
   16  2516  1016     1    16   244
   17  2370  1016     1    17   245
   18  2078  1032     1    18   246
