point     x     y slice color    ID
    0  2582  1082     1     0    38
    1  2430  1142     1     1    39
    2  2278  1198     1     2    40
    3  1980  1238     1     3    41
    4  1744  1238     1     4    42
    5  1488  1206     1     5    43
    6  1108  1120     1     6    44
    7  1028  1136     1     7    45
    8   946  1134     1     8    46
    9  1002  1074     1     9    47
   10  1098  1018     1    10    48
   11  1386   886     1    11    49
   12  1808   862     1    12    50
   13  2004   870     1    13    51
   14  2216   898     1    14    52
   15  2478   958     1    15    53
   16  2434  1084     1    16    54
   17  2272  1074     1    17    55
   18  2080  1054     1    18    56
