point     x     y slice color    ID
    0  2724  1171     1     0   599
    1  2562  1263     1     1   600
    2  2420  1323     1     2   601
    3  2170  1391     1     3   602
    4  1926  1423     1     4   603
    5  1630  1429     1     5   604
    6  1242  1307     1     6   605
    7  1120  1267     1     7   606
    8  1048  1225     1     8   607
    9  1128  1201     1     9   608
   10  1276  1189     1    10   609
   11  1530  1089     1    11   610
   12  1956  1029     1    12   611
   13  2176  1023     1    13   612
   14  2356  1039     1    14   613
   15  2612  1059     1    15   614
   16  2566  1203     1    16   615
   17  2418  1211     1    17   616
   18  2096  1201     1    18   617
