point     x     y slice color    ID
    0  2792  1074     1     0    58
    1  2667  1153     1     1    59
    2  2539  1210     1     2    60
    3  2229  1297     1     3    61
    4  2021  1302     1     4    62
    5  1684  1290     1     5    63
    6  1288  1213     1     6    64
    7  1176  1223     1     7    65
    8  1132  1197     1     8    66
    9  1164  1147     1     9    67
   10  1283  1125     1    10    68
   11  1548  1003     1    11    69
   12  2029   913     1    12    70
   13  2205   918     1    13    71
   14  2473   929     1    14    72
   15  2689   965     1    15    73
   16  2668  1098     1    16    74
   17  2524  1105     1    17    75
   18  2223  1114     1    18    76
