point     x     y slice color    ID
    0  2272  1057     1     0   732
    1  2132  1141     1     1   733
    2  1990  1197     1     2   734
    3  1668  1283     1     3   735
    4  1484  1287     1     4   736
    5  1226  1291     1     5   737
    6   864  1187     1     6   738
    7   728  1173     1     7   739
    8   668  1151     1     8   740
    9   724  1113     1     9   741
   10   834  1083     1    10   742
   11  1138   977     1    11   743
   12  1526   923     1    12   744
   13  1678   925     1    13   745
   14  1932   933     1    14   746
   15  2164   953     1    15   747
   16  2136  1087     1    16   748
   17  1972  1097     1    17   749
   18  1682  1093     1    18   750
