point     x     y slice color    ID
    0  1009   441     1     0  1080
    1  1084   567     1     1  1081
    2  1123   699     1     2  1082
    3  1186   984     1     3  1083
    4  1192  1158     1     4  1084
    5  1174  1392     1     5  1085
    6  1102  1746     1     6  1086
    7  1099  1878     1     7  1087
    8  1084  1965     1     8  1088
    9  1039  1890     1     9  1089
   10   988  1770     1    10  1090
   11   886  1509     1    11  1091
   12   835  1131     1    12  1092
   13   838   996     1    13  1093
   14   868   759     1    14  1094
   15   901   543     1    15  1095
   16  1045   576     1    16  1096
   17  1045   723     1    17  1097
   18  1042  1011     1    18  1098
