point     x     y slice color    ID
    0   886   566     1     0  1004
    1   955   710     1     1  1005
    2   970   833     1     2  1006
    3  1054  1157     1     3  1007
    4  1063  1367     1     4  1008
    5  1048  1640     1     5  1009
    6   949  2015     1     6  1010
    7   925  2171     1     7  1011
    8   907  2264     1     8  1012
    9   859  2171     1     9  1013
   10   847  2048     1    10  1014
   11   742  1742     1    11  1015
   12   697  1325     1    12  1016
   13   703  1166     1    13  1017
   14   727   911     1    14  1018
   15   778   659     1    15  1019
   16   895   722     1    16  1020
   17   871   860     1    17  1021
   18   874  1160     1    18  1022
