point     x     y slice color    ID
    0  2470   917     1     0   845
    1  2352   977     1     1   846
    2  2238  1001     1     2   847
    3  1968  1059     1     3   848
    4  1812  1063     1     4   849
    5  1580  1041     1     5   850
    6  1268   949     1     6   851
    7  1156   925     1     7   852
    8  1096   901     1     8   853
    9  1152   873     1     9   854
   10  1256   867     1    10   855
   11  1472   783     1    11   856
   12  1848   739     1    12   857
   13  1978   759     1    13   858
   14  2170   763     1    14   859
   15  2398   817     1    15   860
   16  2364   905     1    16   861
   17  2244   893     1    17   862
   18  1974   893     1    18   863
