point     x     y slice color    ID
    0  2732   966     1     0   209
    1  2612  1044     1     1   210
    2  2466  1104     1     2   211
    3  2194  1190     1     3   212
    4  2008  1210     1     4   213
    5  1760  1202     1     5   214
    6  1452  1120     1     6   215
    7  1304  1070     1     7   216
    8  1258  1040     1     8   217
    9  1308  1010     1     9   218
   10  1426  1002     1    10   219
   11  1684   914     1    11   220
   12  2034   850     1    12   221
   13  2212   850     1    13   222
   14  2398   848     1    14   223
   15  2618   868     1    15   224
   16  2610   986     1    16   225
   17  2460  1000     1    17   226
   18  2174  1024     1    18   227
