point     x     y slice color    ID
    0  2704   893     1     0    96
    1  2578   965     1     1    97
    2  2462  1001     1     2    98
    3  2156  1091     1     3    99
    4  1990  1101     1     4   100
    5  1718  1099     1     5   101
    6  1370  1061     1     6   102
    7  1246  1057     1     7   103
    8  1182  1035     1     8   104
    9  1226  1001     1     9   105
   10  1346   973     1    10   106
   11  1618   835     1    11   107
   12  2022   751     1    12   108
   13  2140   747     1    13   109
   14  2370   769     1    14   110
   15  2604   797     1    15   111
   16  2580   901     1    16   112
   17  2446   907     1    17   113
   18  2180   909     1    18   114
