point     x     y slice color    ID
    0  2688   974     1     0   115
    1  2548  1078     1     1   116
    2  2420  1118     1     2   117
    3  2068  1218     1     3   118
    4  1874  1236     1     4   119
    5  1540  1250     1     5   120
    6  1090  1176     1     6   121
    7   952  1174     1     7   122
    8   890  1150     1     8   123
    9   926  1104     1     9   124
   10  1052  1080     1    10   125
   11  1356   930     1    11   126
   12  1874   816     1    12   127
   13  2072   824     1    13   128
   14  2250   848     1    14   129
   15  2580   876     1    15   130
   16  2554  1008     1    16   131
   17  2410  1016     1    17   132
   18  2080  1030     1    18   133
