point     x     y slice color    ID
    0  2844   995     1     0   170
    1  2694  1073     1     1   171
    2  2564  1121     1     2   172
    3  2200  1207     1     3   173
    4  2000  1211     1     4   174
    5  1692  1193     1     5   175
    6  1262  1063     1     6   176
    7  1138  1041     1     7   177
    8  1086   999     1     8   178
    9  1138   967     1     9   179
   10  1248   959     1    10   180
   11  1608   839     1    11   181
   12  2068   789     1    12   182
   13  2220   801     1    13   183
   14  2472   821     1    14   184
   15  2734   869     1    15   185
   16  2698  1005     1    16   186
   17  2550  1007     1    17   187
   18  2228   999     1    18   188
