point     x     y slice color    ID
    0  1006   387     1     0  1365
    1  1105   555     1     1  1366
    2  1162   714     1     2  1367
    3  1210  1095     1     3  1368
    4  1192  1335     1     4  1369
    5  1171  1629     1     5  1370
    6  1060  2103     1     6  1371
    7  1027  2214     1     7  1372
    8  1000  2316     1     8  1373
    9   955  2250     1     9  1374
   10   916  2088     1    10  1375
   11   784  1761     1    11  1376
   12   751  1248     1    12  1377
   13   769  1089     1    13  1378
   14   802   813     1    14  1379
   15   880   513     1    15  1380
   16  1030   561     1    16  1381
   17  1003   738     1    17  1382
   18   958  1125     1    18  1383
