point     x     y slice color    ID
    0  2994   980     1     0   247
    1  2840  1102     1     1   248
    2  2698  1150     1     2   249
    3  2396  1250     1     3   250
    4  2196  1282     1     4   251
    5  1900  1300     1     5   252
    6  1428  1226     1     6   253
    7  1272  1224     1     7   254
    8  1196  1212     1     8   255
    9  1236  1170     1     9   256
   10  1404  1136     1    10   257
   11  1662  1020     1    11   258
   12  2204   854     1    12   259
   13  2402   862     1    13   260
   14  2614   880     1    14   261
   15  2876   890     1    15   262
   16  2844  1014     1    16   263
   17  2686  1018     1    17   264
   18  2358  1066     1    18   265
