point     x     y slice color    ID
    0  2762   953     1     0   475
    1  2640  1039     1     1   476
    2  2518  1087     1     2   477
    3  2254  1171     1     3   478
    4  2056  1199     1     4   479
    5  1776  1207     1     5   480
    6  1424  1115     1     6   481
    7  1282  1087     1     7   482
    8  1216  1059     1     8   483
    9  1280  1031     1     9   484
   10  1424  1021     1    10   485
   11  1668   941     1    11   486
   12  2082   845     1    12   487
   13  2242   847     1    13   488
   14  2450   857     1    14   489
   15  2676   873     1    15   490
   16  2640   981     1    16   491
   17  2504   983     1    17   492
   18  2232  1007     1    18   493
