point     x     y slice color    ID
    0  2686   878     1     0    57
    1  2550   970     1     1    58
    2  2430  1010     1     2    59
    3  2098  1086     1     3    60
    4  1896  1102     1     4    61
    5  1620  1108     1     5    62
    6  1244   994     1     6    63
    7  1104   970     1     7    64
    8  1044   944     1     8    65
    9  1090   908     1     9    66
   10  1216   896     1    10    67
   11  1484   812     1    11    68
   12  1948   710     1    12    69
   13  2084   714     1    13    70
   14  2376   756     1    14    71
   15  2604   796     1    15    72
   16  2556   918     1    16    73
   17  2414   920     1    17    74
   18  2124   924     1    18    75
