point     x     y slice color    ID
    0  1018   657     1     0  1327
    1  1057   777     1     1  1328
    2  1084   909     1     2  1329
    3  1165  1263     1     3  1330
    4  1165  1515     1     4  1331
    5  1156  1854     1     5  1332
    6  1072  2274     1     6  1333
    7  1075  2421     1     7  1334
    8  1066  2496     1     8  1335
    9  1006  2448     1     9  1336
   10   949  2310     1    10  1337
   11   817  2040     1    11  1338
   12   721  1431     1    12  1339
   13   754  1239     1    13  1340
   14   814   999     1    14  1341
   15   892   729     1    15  1342
   16   994   780     1    16  1343
   17   985   936     1    17  1344
   18   970  1233     1    18  1345
