point     x     y slice color    ID
    0  1198   534     1     0   966
    1  1261   645     1     1   967
    2  1288   750     1     2   968
    3  1342   984     1     3   969
    4  1348  1179     1     4   970
    5  1339  1401     1     5   971
    6  1285  1698     1     6   972
    7  1276  1845     1     7   973
    8  1258  1914     1     8   974
    9  1222  1857     1     9   975
   10  1183  1713     1    10   976
   11  1099  1488     1    11   977
   12  1045  1137     1    12   978
   13  1060   984     1    13   979
   14  1072   813     1    14   980
   15  1105   621     1    15   981
   16  1198   651     1    16   982
   17  1201   762     1    17   983
   18  1189  1035     1    18   984
