point     x     y slice color    ID
    0  2794   909     1     0   208
    1  2652   977     1     1   209
    2  2512  1029     1     2   210
    3  2162  1089     1     3   211
    4  1982  1097     1     4   212
    5  1672  1081     1     5   213
    6  1302   967     1     6   214
    7  1176   933     1     7   215
    8  1110   881     1     8   216
    9  1168   855     1     9   217
   10  1294   855     1    10   218
   11  1596   749     1    11   219
   12  2044   689     1    12   220
   13  2182   705     1    13   221
   14  2444   727     1    14   222
   15  2702   787     1    15   223
   16  2654   921     1    16   224
   17  2500   919     1    17   225
   18  2176   899     1    18   226
