point     x     y slice color    ID
    0  1087   535     1     0  1346
    1  1156   664     1     1  1347
    2  1201   796     1     2  1348
    3  1258  1147     1     3  1349
    4  1246  1348     1     4  1350
    5  1231  1624     1     5  1351
    6  1108  2014     1     6  1352
    7  1099  2125     1     7  1353
    8  1075  2194     1     8  1354
    9  1027  2131     1     9  1355
   10  1006  2017     1    10  1356
   11   913  1687     1    11  1357
   12   877  1267     1    12  1358
   13   886  1141     1    13  1359
   14   928   910     1    14  1360
   15   973   652     1    15  1361
   16  1075   679     1    16  1362
   17  1063   826     1    17  1363
   18  1057  1132     1    18  1364
