point     x     y slice color    ID
    0  2706  1009     1     0   713
    1  2564  1073     1     1   714
    2  2424  1113     1     2   715
    3  2124  1175     1     3   716
    4  1944  1179     1     4   717
    5  1702  1171     1     5   718
    6  1310  1125     1     6   719
    7  1206  1131     1     7   720
    8  1130  1115     1     8   721
    9  1174  1069     1     9   722
   10  1288  1029     1    10   723
   11  1562   881     1    11   724
   12  1992   801     1    12   725
   13  2146   819     1    13   726
   14  2354   841     1    14   727
   15  2590   895     1    15   728
   16  2568  1005     1    16   729
   17  2416  1001     1    17   730
   18  2124   989     1    18   731
