point     x     y slice color    ID
    0  1003   567     1     0  1099
    1  1066   666     1     1  1100
    2  1087   783     1     2  1101
    3  1168  1110     1     3  1102
    4  1195  1320     1     4  1103
    5  1198  1602     1     5  1104
    6  1129  2031     1     6  1105
    7  1144  2106     1     7  1106
    8  1147  2178     1     8  1107
    9  1081  2145     1     9  1108
   10  1030  2022     1    10  1109
   11   910  1755     1    11  1110
   12   796  1266     1    12  1111
   13   802  1113     1    13  1112
   14   859   870     1    14  1113
   15   907   648     1    15  1114
   16  1009   675     1    16  1115
   17  1003   801     1    17  1116
   18   994  1089     1    18  1117
