point     x     y slice color    ID
    0  2886  1032     1     0   190
    1  2768  1090     1     1   191
    2  2626  1128     1     2   192
    3  2286  1182     1     3   193
    4  2054  1186     1     4   194
    5  1724  1168     1     5   195
    6  1330  1012     1     6   196
    7  1206   986     1     7   197
    8  1152   956     1     8   198
    9  1206   926     1     9   199
   10  1350   926     1    10   200
   11  1604   826     1    11   201
   12  2138   748     1    12   202
   13  2312   774     1    13   203
   14  2562   820     1    14   204
   15  2826   916     1    15   205
   16  2772  1022     1    16   206
   17  2634  1008     1    17   207
   18  2320   962     1    18   208
