point     x     y slice color    ID
    0  2738   893     1     0    20
    1  2592   981     1     1    21
    2  2456  1033     1     2    22
    3  2182  1103     1     3    23
    4  1956  1113     1     4    24
    5  1676  1093     1     5    25
    6  1280   937     1     6    26
    7  1132   891     1     7    27
    8  1094   849     1     8    28
    9  1162   831     1     9    29
   10  1276   833     1    10    30
   11  1586   783     1    11    31
   12  1984   715     1    12    32
   13  2178   729     1    13    33
   14  2414   755     1    14    34
   15  2628   787     1    15    35
   16  2592   927     1    16    36
   17  2446   927     1    17    37
   18  2152   941     1    18    38
