point     x     y slice color    ID
    0  1168   461     1     0  1232
    1  1234   596     1     1  1233
    2  1273   722     1     2  1234
    3  1360  1034     1     3  1235
    4  1354  1217     1     4  1236
    5  1357  1496     1     5  1237
    6  1246  1922     1     6  1238
    7  1231  2024     1     7  1239
    8  1183  2072     1     8  1240
    9  1162  2009     1     9  1241
   10  1150  1910     1    10  1242
   11  1057  1604     1    11  1243
   12   994  1193     1    12  1244
   13   988  1055     1    13  1245
   14  1003   866     1    14  1246
   15  1051   569     1    15  1247
   16  1183   605     1    16  1248
   17  1192   746     1    17  1249
   18  1186  1064     1    18  1250
