point     x     y slice color    ID
    0  2618   987     1     0   789
    1  2464  1087     1     1   790
    2  2312  1143     1     2   791
    3  1972  1227     1     3   792
    4  1724  1245     1     4   793
    5  1406  1245     1     5   794
    6   954  1131     1     6   795
    7   818  1121     1     7   796
    8   752  1097     1     8   797
    9   804  1053     1     9   798
   10   930  1021     1    10   799
   11  1236   901     1    11   800
   12  1780   815     1    12   801
   13  1960   819     1    13   802
   14  2268   853     1    14   803
   15  2508   879     1    15   804
   16  2468  1027     1    16   805
   17  2300  1039     1    17   806
   18  1984  1031     1    18   807
