point     x     y slice color    ID
    0  1114   354     1     0  1061
    1  1162   447     1     1  1062
    2  1207   582     1     2  1063
    3  1291   864     1     3  1064
    4  1306  1032     1     4  1065
    5  1318  1332     1     5  1066
    6  1273  1734     1     6  1067
    7  1294  1845     1     7  1068
    8  1291  1923     1     8  1069
    9  1243  1878     1     9  1070
   10  1195  1758     1    10  1071
   11  1075  1485     1    11  1072
   12   976  1020     1    12  1073
   13   979   882     1    13  1074
   14   994   654     1    14  1075
   15  1021   432     1    15  1076
   16  1114   459     1    16  1077
   17  1117   594     1    17  1078
   18  1132   870     1    18  1079
