point     x     y slice color    ID
    0  2500   896     1     0    95
    1  2392   990     1     1    96
    2  2258  1052     1     2    97
    3  1932  1148     1     3    98
    4  1746  1142     1     4    99
    5  1416  1104     1     5   100
    6  1082   964     1     6   101
    7   976   958     1     7   102
    8   882   962     1     8   103
    9   948   900     1     9   104
   10  1088   864     1    10   105
   11  1322   782     1    11   106
   12  1834   758     1    12   107
   13  1952   766     1    13   108
   14  2200   796     1    14   109
   15  2416   820     1    15   110
   16  2390   952     1    16   111
   17  2256   950     1    17   112
   18  1988   966     1    18   113
