point     x     y slice color    ID
    0  2967   861     1     0     1
    1  2796   940     1     1     2
    2  2664   980     1     2     3
    3  2350  1072     1     3     4
    4  2119  1099     1     4     5
    5  1825  1105     1     5     6
    6  1376  1003     1     6     7
    7  1244  1003     1     7     8
    8  1155   980     1     8     9
    9  1211   940     1     9    10
   10  1330   914     1    10    11
   11  1620   769     1    11    12
   12  2136   650     1    12    13
   13  2340   650     1    13    14
   14  2459   660     1    14    15
   15  2868   729     1    15    16
   16  2789   864     1    16    17
   17  2641   874     1    17    18
   18  2324   888     1    18    19
