point     x     y slice color    ID
    0  2864   946     1     0   285
    1  2718  1054     1     1   286
    2  2586  1106     1     2   287
    3  2290  1212     1     3   288
    4  2096  1228     1     4   289
    5  1816  1240     1     5   290
    6  1438  1130     1     6   291
    7  1302  1104     1     7   292
    8  1254  1056     1     8   293
    9  1308  1036     1     9   294
   10  1422  1026     1    10   295
   11  1730   948     1    11   296
   12  2100   866     1    12   297
   13  2250   854     1    13   298
   14  2464   850     1    14   299
   15  2746   852     1    15   300
   16  2718   978     1    16   301
   17  2564   984     1    17   302
   18  2272  1026     1    18   303
