point     x     y slice color    ID
    0  2436  1068     1     0    77
    1  2280  1154     1     1    78
    2  2164  1200     1     2    79
    3  1878  1300     1     3    80
    4  1664  1334     1     4    81
    5  1422  1344     1     5    82
    6  1028  1262     1     6    83
    7   884  1220     1     7    84
    8   828  1174     1     8    85
    9   874  1150     1     9    86
   10  1014  1152     1    10    87
   11  1284  1036     1    11    88
   12  1654   934     1    12    89
   13  1888   918     1    13    90
   14  2068   926     1    14    91
   15  2284   952     1    15    92
   16  2292  1074     1    16    93
   17  2148  1082     1    17    94
   18  1832  1092     1    18    95
