point     x     y slice color    ID
    0  1096  2476     1     0  1239
    1  1032  2356     1     1  1240
    2   996  2252     1     2  1241
    3   908  1964     1     3  1242
    4   892  1776     1     4  1243
    5   876  1496     1     5  1244
    6   928  1172     1     6  1245
    7   928  1104     1     7  1246
    8   964  1012     1     8  1247
    9  1000  1080     1     9  1248
   10  1032  1148     1    10  1249
   11  1140  1368     1    11  1250
   12  1296  1844     1    12  1251
   13  1272  1940     1    13  1252
   14  1240  2184     1    14  1253
   15  1188  2404     1    15  1254
   16  1092  2364     1    16  1255
   17  1072  2244     1    17  1256
   18  1100  1976     1    18  1257
