point     x     y slice color    ID
    0  1192   461     1     0  1042
    1  1258   587     1     1  1043
    2  1285   722     1     2  1044
    3  1354  1061     1     3  1045
    4  1348  1244     1     4  1046
    5  1327  1526     1     5  1047
    6  1207  1910     1     6  1048
    7  1189  2039     1     7  1049
    8  1159  2099     1     8  1050
    9  1123  2033     1     9  1051
   10  1093  1910     1    10  1052
   11   988  1637     1    11  1053
   12   964  1196     1    12  1054
   13   976  1034     1    13  1055
   14  1024   782     1    14  1056
   15  1072   560     1    15  1057
   16  1198   593     1    16  1058
   17  1189   734     1    17  1059
   18  1174  1037     1    18  1060
