point     x     y slice color    ID
    0  2516   986     1     0   360
    1  2396  1070     1     1   361
    2  2272  1100     1     2   362
    3  1926  1188     1     3   363
    4  1676  1198     1     4   364
    5  1344  1166     1     5   365
    6   926  1062     1     6   366
    7   822  1038     1     7   367
    8   750  1004     1     8   368
    9   800   968     1     9   369
   10  1006   906     1    10   370
   11  1206   826     1    11   371
   12  1752   760     1    12   372
   13  1918   770     1    13   373
   14  2176   812     1    14   374
   15  2436   872     1    15   375
   16  2400  1006     1    16   376
   17  2266  1020     1    17   377
   18  1944   990     1    18   378
