point     x     y slice color    ID
    0  1066   538     1     0  1270
    1  1129   655     1     1  1271
    2  1159   799     1     2  1272
    3  1222  1138     1     3  1273
    4  1228  1315     1     4  1274
    5  1171  1636     1     5  1275
    6  1036  2035     1     6  1276
    7  1030  2143     1     7  1277
    8  1000  2212     1     8  1278
    9   961  2152     1     9  1279
   10   946  2041     1    10  1280
   11   865  1750     1    11  1281
   12   814  1234     1    12  1282
   13   832  1108     1    13  1283
   14   901   856     1    14  1284
   15   958   604     1    15  1285
   16  1087   664     1    16  1286
   17  1081   802     1    17  1287
   18  1048  1096     1    18  1288
