point     x     y slice color    ID
    0  2730   999     1     0     1
    1  2582  1101     1     1     2
    2  2464  1125     1     2     3
    3  2102  1179     1     3     4
    4  1896  1169     1     4     5
    5  1612  1139     1     5     6
    6  1212  1017     1     6     7
    7  1066   989     1     7     8
    8  1018   947     1     8     9
    9  1084   915     1     9    10
   10  1198   911     1    10    11
   11  1510   823     1    11    12
   12  2014   777     1    12    13
   13  2116   789     1    13    14
   14  2384   855     1    14    15
   15  2638   903     1    15    16
   16  2592  1011     1    16    17
   17  2456   999     1    17    18
   18  2104   885     1    18    19
