point     x     y slice color    ID
    0  2682   891     1     0   808
    1  2542   981     1     1   809
    2  2416  1029     1     2   810
    3  2122  1103     1     3   811
    4  1922  1113     1     4   812
    5  1628  1113     1     5   813
    6  1286  1043     1     6   814
    7  1122  1017     1     7   815
    8  1034   997     1     8   816
    9  1106   959     1     9   817
   10  1238   923     1    10   818
   11  1522   815     1    11   819
   12  1982   737     1    12   820
   13  2140   749     1    13   821
   14  2584   787     1    14   822
   15  2554   903     1    15   823
   16  2406   909     1    16   824
   17  2108   919     1    17   825
