point     x     y slice color    ID
    0   976   353     1     0   985
    1  1057   497     1     1   986
    2  1090   635     1     2   987
    3  1186   986     1     3   988
    4  1201  1217     1     4   989
    5  1189  1538     1     5   990
    6  1099  1967     1     6   991
    7  1072  2090     1     7   992
    8  1036  2171     1     8   993
    9  1009  2105     1     9   994
   10   979  1988     1    10   995
   11   865  1691     1    11   996
   12   796  1196     1    12   997
   13   781  1004     1    13   998
   14   820   707     1    14   999
   15   865   443     1    15  1000
   16  1003   506     1    16  1001
   17  1006   656     1    17  1002
   18   988   992     1    18  1003
