point     x     y slice color    ID
    0  2794  1001     1     0   153
    1  2698  1059     1     1   154
    2  2576  1093     1     2   155
    3  2322  1171     1     3   156
    4  2122  1203     1     4   157
    5  1878  1171     1     5   158
    6  1536  1085     1     6   159
    7  1412  1075     1     7   160
    8  1362  1049     1     8   161
    9  1406  1019     1     9   162
   10  1588   975     1    10   163
   11  1764   911     1    11   164
   12  2182   849     1    12   165
   13  2316   843     1    13   166
   14  2538   875     1    14   167
   15  2734   907     1    15   168
   16  2700  1021     1    16   169
   17  2578  1023     1    17   170
   18  2324  1039     1    18   171
