point     x     y slice color    ID
    0  2670  1036     1     0    96
    1  2508  1150     1     1    97
    2  2396  1188     1     2    98
    3  2048  1262     1     3    99
    4  1868  1268     1     4   100
    5  1566  1254     1     5   101
    6  1214  1136     1     6   102
    7  1082  1102     1     7   103
    8  1020  1062     1     8   104
    9  1092  1042     1     9   105
   10  1216  1038     1    10   106
   11  1520   954     1    11   107
   12  1942   892     1    12   108
   13  2054   898     1    13   109
   14  2272   920     1    14   110
   15  2522   938     1    15   111
   16  2520  1052     1    16   112
   17  2370  1042     1    17   113
   18  2068  1062     1    18   114
