point     x     y slice color    ID
    0  2746   953     1     0   580
    1  2590  1041     1     1   581
    2  2454  1107     1     2   582
    3  2134  1197     1     3   583
    4  1932  1209     1     4   584
    5  1656  1205     1     5   585
    6  1216  1097     1     6   586
    7  1092  1063     1     7   587
    8  1022  1027     1     8   588
    9  1080   995     1     9   589
   10  1212   999     1    10   590
   11  1524   883     1    11   591
   12  1950   819     1    12   592
   13  2124   813     1    13   593
   14  2364   831     1    14   594
   15  2626   841     1    15   595
   16  2590   985     1    16   596
   17  2438  1001     1    17   597
   18  2112  1023     1    18   598
