point     x     y slice color    ID
    0  2746  1042     1     0    39
    1  2602  1140     1     1    40
    2  2474  1202     1     2    41
    3  2156  1314     1     3    42
    4  1960  1328     1     4    43
    5  1680  1318     1     5    44
    6  1272  1208     1     6    45
    7  1182  1198     1     7    46
    8  1108  1170     1     8    47
    9  1176  1134     1     9    48
   10  1274  1114     1    10    49
   11  1596   982     1    11    50
   12  1996   912     1    12    51
   13  2162   906     1    13    52
   14  2316   912     1    14    53
   15  2632   932     1    15    54
   16  2610  1074     1    16    55
   17  2468  1082     1    17    56
   18  2152  1108     1    18    57
