point     x     y slice color    ID
    0  2616   984     1     0   304
    1  2480  1072     1     1   305
    2  2352  1122     1     2   306
    3  2050  1182     1     3   307
    4  1882  1198     1     4   308
    5  1630  1200     1     5   309
    6  1238  1120     1     6   310
    7  1114  1106     1     7   311
    8  1062  1068     1     8   312
    9  1102  1044     1     9   313
   10  1224  1034     1    10   314
   11  1512   924     1    11   315
   12  1908   840     1    12   316
   13  2072   840     1    13   317
   14  2242   856     1    14   318
   15  2510   890     1    15   319
   16  2486   996     1    16   320
   17  2338   992     1    17   321
