point     x     y slice color    ID
    0  1066   336     1     0  1289
    1  1111   441     1     1  1290
    2  1144   570     1     2  1291
    3  1231   918     1     3  1292
    4  1234  1116     1     4  1293
    5  1207  1455     1     5  1294
    6  1087  1896     1     6  1295
    7  1075  2022     1     7  1296
    8  1045  2076     1     8  1297
    9  1012  2028     1     9  1298
   10   991  1890     1    10  1299
   11   886  1605     1    11  1300
   12   811  1062     1    12  1301
   13   844   915     1    13  1302
   14   895   669     1    14  1303
   15   946   420     1    15  1304
   16  1057   450     1    16  1305
   17  1045   594     1    17  1306
   18  1033   894     1    18  1307
