point     x     y slice color    ID
    0  2736  1124     1     0   134
    1  2580  1216     1     1   135
    2  2452  1258     1     2   136
    3  2178  1320     1     3   137
    4  1960  1324     1     4   138
    5  1712  1302     1     5   139
    6  1324  1216     1     6   140
    7  1188  1180     1     7   141
    8  1126  1142     1     8   142
    9  1192  1114     1     9   143
   10  1320  1110     1    10   144
   11  1618  1020     1    11   145
   12  2038   980     1    12   146
   13  2320   978     1    13   147
   14  2636  1018     1    14   148
   15  2588  1152     1    15   149
   16  2438  1156     1    16   150
   17  2168  1158     1    17   151
