point     x     y slice color    ID
    0   988   518     1     0  1175
    1  1081   650     1     1  1176
    2  1138   797     1     2  1177
    3  1246  1100     1     3  1178
    4  1279  1319     1     4  1179
    5  1270  1631     1     5  1180
    6  1156  2018     1     6  1181
    7  1135  2159     1     7  1182
    8  1108  2207     1     8  1183
    9  1057  2150     1     9  1184
   10  1045  1991     1    10  1185
   11   937  1697     1    11  1186
   12   874  1313     1    12  1187
   13   871  1091     1    13  1188
   14   874   884     1    14  1189
   15   889   629     1    15  1190
   16  1012   674     1    16  1191
   17  1024   830     1    17  1192
   18  1066  1133     1    18  1193
