point     x     y slice color    ID
    0  2774  1089     1     0   189
    1  2654  1161     1     1   190
    2  2516  1191     1     2   191
    3  2206  1259     1     3   192
    4  2032  1271     1     4   193
    5  1732  1263     1     5   194
    6  1344  1153     1     6   195
    7  1190  1125     1     7   196
    8  1134  1089     1     8   197
    9  1192  1063     1     9   198
   10  1340  1059     1    10   199
   11  1578   971     1    11   200
   12  2104   871     1    12   201
   13  2210   889     1    13   202
   14  2472   937     1    14   203
   15  2682   993     1    15   204
   16  2656  1111     1    16   205
   17  2522  1123     1    17   206
   18  2238  1111     1    18   207
