point     x     y slice color    ID
    0   991   443     1     0  1251
    1  1048   563     1     1  1252
    2  1096   692     1     2  1253
    3  1189   995     1     3  1254
    4  1198  1172     1     4  1255
    5  1207  1466     1     5  1256
    6  1117  1892     1     6  1257
    7  1111  2000     1     7  1258
    8  1090  2078     1     8  1259
    9  1045  2015     1     9  1260
   10  1015  1904     1    10  1261
   11   877  1589     1    11  1262
   12   820  1148     1    12  1263
   13   823   998     1    13  1264
   14   838   815     1    14  1265
   15   877   554     1    15  1266
   16  1003   569     1    16  1267
   17  1000   725     1    17  1268
   18  1003  1019     1    18  1269
