point     x     y slice color    ID
    0  2748  1173     1     0   151
    1  2616  1248     1     1   152
    2  2511  1278     1     2   153
    3  2253  1311     1     3   154
    4  2109  1305     1     4   155
    5  1902  1290     1     5   156
    6  1584  1224     1     6   157
    7  1551  1221     1     7   158
    8  1458  1194     1     8   159
    9  1539  1152     1     9   160
   10  1608  1128     1    10   161
   11  1812  1041     1    11   162
   12  2124   993     1    12   163
   13  2274  1014     1    13   164
   14  2427  1023     1    14   165
   15  2670  1080     1    15   166
   16  2616  1200     1    16   167
   17  2511  1194     1    17   168
   18  2259  1173     1    18   169
