point     x     y slice color    ID
    0  2578   977     1     0   542
    1  2436  1081     1     1   543
    2  2306  1125     1     2   544
    3  2044  1227     1     3   545
    4  1852  1245     1     4   546
    5  1612  1257     1     5   547
    6  1258  1175     1     6   548
    7  1126  1167     1     7   549
    8  1066  1135     1     8   550
    9  1118  1097     1     9   551
   10  1208  1087     1    10   552
   11  1486   959     1    11   553
   12  1890   869     1    12   554
   13  2032   867     1    13   555
   14  2220   871     1    14   556
   15  2460   873     1    15   557
   16  2442  1007     1    16   558
   17  2296  1015     1    17   559
   18  2012  1045     1    18   560
