point     x     y slice color    ID
    0   880   530     1     0  1156
    1   979   668     1     1  1157
    2  1021   806     1     2  1158
    3  1093  1109     1     3  1159
    4  1111  1316     1     4  1160
    5  1096  1580     1     5  1161
    6  1090  1829     1     6  1162
    7  1111  2075     1     7  1163
    8  1114  2135     1     8  1164
    9  1048  2111     1     9  1165
   10   958  1994     1    10  1166
   11   811  1724     1    11  1167
   12   736  1298     1    12  1168
   13   742  1124     1    13  1169
   14   748   941     1    14  1170
   15   790   623     1    15  1171
   16   886   668     1    16  1172
   17   901   824     1    17  1173
   18   895  1136     1    18  1174
