point     x     y slice color    ID
    0  1000   523     1     0  1308
    1  1069   664     1     1  1309
    2  1126   796     1     2  1310
    3  1204  1165     1     3  1311
    4  1192  1357     1     4  1312
    5  1189  1645     1     5  1313
    6  1087  2065     1     6  1314
    7  1081  2218     1     7  1315
    8  1060  2281     1     8  1316
    9  1003  2221     1     9  1317
   10   970  2068     1    10  1318
   11   853  1768     1    11  1319
   12   811  1339     1    12  1320
   13   826  1156     1    13  1321
   14   847   898     1    14  1322
   15   886   649     1    15  1323
   16  1021   682     1    16  1324
   17  1030   826     1    17  1325
   18  1018  1162     1    18  1326
