point     x     y slice color    ID
    0  2566   868     1     0    76
    1  2442   954     1     1    77
    2  2308   990     1     2    78
    3  2054  1054     1     3    79
    4  1838  1068     1     4    80
    5  1550  1076     1     5    81
    6  1198  1008     1     6    82
    7  1112  1012     1     7    83
    8  1044   980     1     8    84
    9  1094   940     1     9    85
   10  1196   906     1    10    86
   11  1472   764     1    11    87
   12  1874   694     1    12    88
   13  2060   696     1    13    89
   14  2218   722     1    14    90
   15  2456   766     1    15    91
   16  2436   880     1    16    92
   17  2296   870     1    17    93
   18  2000   856     1    18    94
