point     x     y slice color    ID
    0  1088   486     1     0   910
    1  1160   634     1     1   911
    2  1208   762     1     2   912
    3  1268  1070     1     3   913
    4  1256  1286     1     4   914
    5  1212  1538     1     5   915
    6  1104  1914     1     6   916
    7  1096  2046     1     7   917
    8  1076  2130     1     8   918
    9  1028  2054     1     9   919
   10   988  1926     1    10   920
   11   900  1622     1    11   921
   12   892  1162     1    12   922
   13   904  1046     1    13   923
   14   928   826     1    14   924
   15   972   590     1    15   925
   16  1100   638     1    16   926
   17  1100   786     1    17   927
   18  1088  1098     1    18   928
