point     x     y slice color    ID
    0  2842   972     1     0    77
    1  2688  1060     1     1    78
    2  2548  1114     1     2    79
    3  2252  1180     1     3    80
    4  2048  1186     1     4    81
    5  1760  1200     1     5    82
    6  1380  1118     1     6    83
    7  1226  1106     1     7    84
    8  1164  1068     1     8    85
    9  1212  1038     1     9    86
   10  1368  1014     1    10    87
   11  1652   888     1    11    88
   12  2084   804     1    12    89
   13  2262   806     1    13    90
   14  2414   816     1    14    91
   15  2728   848     1    15    92
   16  2702   966     1    16    93
   17  2530   962     1    17    94
   18  2252   968     1    18    95
