point     x     y slice color    ID
    0  2554   861     1     0   637
    1  2406   943     1     1   638
    2  2256   985     1     2   639
    3  1944  1069     1     3   640
    4  1756  1073     1     4   641
    5  1476  1069     1     5   642
    6  1076   967     1     6   643
    7   952   955     1     7   644
    8   874   927     1     8   645
    9   958   885     1     9   646
   10  1086   867     1    10   647
   11  1384   757     1    11   648
   12  1828   695     1    12   649
   13  1946   697     1    13   650
   14  2202   725     1    14   651
   15  2440   747     1    15   652
   16  2408   885     1    16   653
   17  2250   893     1    17   654
   18  1980   887     1    18   655
