point     x     y slice color    ID
    0  2703   937     1     0    20
    1  2569  1013     1     1    21
    2  2431  1060     1     2    22
    3  2131  1133     1     3    23
    4  1956  1144     1     4    24
    5  1655  1152     1     5    25
    6  1267  1035     1     6    26
    7  1129  1028     1     7    27
    8  1097   992     1     8    28
    9  1139   963     1     9    29
   10  1271   940     1    10    30
   11  1499   829     1    11    31
   12  1979   733     1    12    32
   13  2148   755     1    13    33
   14  2372   788     1    14    34
   15  2613   833     1    15    35
   16  2573   960     1    16    36
   17  2428   964     1    17    37
   18  2119   959     1    18    38
