point     x     y slice color    ID
    0  2962   980     1     0   171
    1  2818  1060     1     1   172
    2  2678  1102     1     2   173
    3  2386  1196     1     3   174
    4  2218  1202     1     4   175
    5  1968  1200     1     5   176
    6  1586  1110     1     6   177
    7  1464  1090     1     7   178
    8  1398  1054     1     8   179
    9  1442  1022     1     9   180
   10  1552  1020     1    10   181
   11  1840   904     1    11   182
   12  2218   838     1    12   183
   13  2388   834     1    13   184
   14  2566   842     1    14   185
   15  2850   870     1    15   186
   16  2812   992     1    16   187
   17  2668   984     1    17   188
   18  2374   996     1    18   189
