point     x     y slice color    ID
    0  2738   991     1     0   675
    1  2612  1069     1     1   676
    2  2462  1113     1     2   677
    3  2132  1195     1     3   678
    4  1912  1207     1     4   679
    5  1576  1201     1     5   680
    6  1146  1107     1     6   681
    7  1020  1131     1     7   682
    8   930  1129     1     8   683
    9   972  1065     1     9   684
   10  1114  1005     1    10   685
   11  1402   849     1    11   686
   12  1988   769     1    12   687
   13  2152   793     1    13   688
   14  2422   849     1    14   689
   15  2646   881     1    15   690
   16  2606  1013     1    16   691
   17  2458  1019     1    17   692
   18  2142  1001     1    18   693
