point     x     y slice color    ID
    0   970  1391     1     0   419
    1  1128  1311     1     1   420
    2  1294  1259     1     2   421
    3  1612  1183     1     3   422
    4  1818  1189     1     4   423
    5  2108  1203     1     5   424
    6  2516  1335     1     6   425
    7  2666  1365     1     7   426
    8  2732  1397     1     8   427
    9  2668  1431     1     9   428
   10  2508  1441     1    10   429
   11  2192  1523     1    11   430
   12  1764  1569     1    12   431
   13  1586  1571     1    13   432
   14  1372  1553     1    14   433
   15  1078  1511     1    15   434
   16  1124  1369     1    16   435
   17  1282  1369     1    17   436
   18  1626  1377     1    18   437
