point     x     y slice color    ID
    0  2752   977     1     0    58
    1  2628  1055     1     1    59
    2  2512  1093     1     2    60
    3  2166  1189     1     3    61
    4  1964  1211     1     4    62
    5  1626  1203     1     5    63
    6  1200  1175     1     6    64
    7  1062  1205     1     7    65
    8   990  1203     1     8    66
    9  1024  1149     1     9    67
   10  1172  1085     1    10    68
   11  1472   913     1    11    69
   12  1998   791     1    12    70
   13  2140   799     1    13    71
   14  2444   831     1    14    72
   15  2652   875     1    15    73
   16  2628   977     1    16    74
   17  2500   989     1    17    75
   18  2164   989     1    18    76
