point     x     y slice color    ID
    0  2688  1014     1     0    19
    1  2570  1060     1     1    20
    2  2438  1102     1     2    21
    3  2132  1148     1     3    22
    4  1898  1134     1     4    23
    5  1638  1104     1     5    24
    6  1308   994     1     6    25
    7  1196   994     1     7    26
    8  1128   960     1     8    27
    9  1198   918     1     9    28
   10  1322   890     1    10    29
   11  1588   800     1    11    30
   12  2012   754     1    12    31
   13  2180   778     1    13    32
   14  2380   822     1    14    33
   15  2626   888     1    15    34
   16  2572  1008     1    16    35
   17  2432   998     1    17    36
   18  2142   980     1    18    37
