point     x     y slice color    ID
    0  2630  1047     1     0   523
    1  2478  1111     1     1   524
    2  2352  1145     1     2   525
    3  2050  1185     1     3   526
    4  1864  1177     1     4   527
    5  1610  1153     1     5   528
    6  1262  1045     1     6   529
    7  1150  1029     1     7   530
    8  1090   999     1     8   531
    9  1142   969     1     9   532
   10  1266   959     1    10   533
   11  1554   863     1    11   534
   12  1936   849     1    12   535
   13  2066   857     1    13   536
   14  2304   881     1    14   537
   15  2546   925     1    15   538
   16  2488  1037     1    16   539
   17  2342  1031     1    17   540
   18  2060  1013     1    18   541
