point     x     y slice color    ID
    0  1300  2676     1     0  1185
    1  1224  2560     1     1  1186
    2  1200  2468     1     2  1187
    3  1120  2180     1     3  1188
    4  1112  2020     1     4  1189
    5  1124  1736     1     5  1190
    6  1196  1524     1     6  1191
    7  1244  1328     1     7  1192
    8  1296  1276     1     8  1193
    9  1312  1348     1     9  1194
   10  1348  1444     1    10  1195
   11  1408  1632     1    11  1196
   12  1480  2056     1    12  1197
   13  1468  2180     1    13  1198
   14  1428  2392     1    14  1199
   15  1388  2600     1    15  1200
