point     x     y slice color    ID
    0  3004   951     1     0   694
    1  2864  1029     1     1   695
    2  2718  1089     1     2   696
    3  2396  1213     1     3   697
    4  2176  1243     1     4   698
    5  1836  1243     1     5   699
    6  1392  1109     1     6   700
    7  1232  1073     1     7   701
    8  1158  1045     1     8   702
    9  1226  1001     1     9   703
   10  1370   993     1    10   704
   11  1686   867     1    11   705
   12  2206   783     1    12   706
   13  2382   787     1    13   707
   14  2632   813     1    14   708
   15  2898   837     1    15   709
   16  2866   965     1    16   710
   17  2708   967     1    17   711
   18  2380   977     1    18   712
