point     x     y slice color    ID
    0  2659  1023     1     0     1
    1  2520  1115     1     1     2
    2  2381  1165     1     2     3
    3  2059  1265     1     3     4
    4  1876  1269     1     4     5
    5  1593  1271     1     5     6
    6  1215  1195     1     6     7
    7  1116  1192     1     7     8
    8  1037  1173     1     8     9
    9  1087  1124     1     9    10
   10  1216  1088     1    10    11
   11  1472   963     1    11    12
   12  1913   879     1    12    13
   13  2057   879     1    13    14
   14  2315   895     1    14    15
   15  2539   923     1    15    16
   16  2523  1063     1    16    17
   17  2364  1060     1    17    18
   18  2051  1079     1    18    19
