point     x     y slice color    ID
    0  1008  1255     1     0   635
    1  1197  1162     1     1   636
    2  1377  1099     1     2   637
    3  1728  1006     1     3   638
    4  1968   994     1     4   639
    5  2301  1012     1     5   640
    6  2793  1150     1     6   641
    7  2952  1156     1     7   642
    8  3018  1183     1     8   643
    9  2952  1252     1     9   644
   10  2811  1285     1    10   645
   11  2448  1438     1    11   646
   12  1908  1504     1    12   647
   13  1428  1441     1    13   648
   14  1131  1402     1    14   649
   15  1200  1237     1    15   650
   16  1377  1222     1    16   651
   17  1767  1258     1    17   652
