point     x     y slice color    ID
    0  1056  1414     1     0   653
    1  1227  1297     1     1   654
    2  1398  1237     1     2   655
    3  1803  1117     1     3   656
    4  2049  1126     1     4   657
    5  2385  1144     1     5   658
    6  2925  1243     1     6   659
    7  3060  1255     1     7   660
    8  3141  1279     1     8   661
    9  3087  1327     1     9   662
   10  2937  1384     1    10   663
   11  2535  1540     1    11   664
   12  1989  1627     1    12   665
   13  1785  1600     1    13   666
   14  1521  1579     1    14   667
   15  1200  1534     1    15   668
   16  1233  1351     1    16   669
   17  1401  1339     1    17   670
   18  1806  1351     1    18   671
