point     x     y slice color    ID
    0   845  1397     1     0   616
    1   995  1297     1     1   617
    2  1175  1201     1     2   618
    3  1595  1055     1     3   619
    4  1889  1025     1     4   620
    5  2339  1059     1     5   621
    6  2897  1297     1     6   622
    7  3049  1351     1     7   623
    8  3117  1407     1     8   624
    9  3029  1439     1     9   625
   10  2867  1423     1    10   626
   11  2497  1493     1    11   627
   12  1821  1579     1    12   628
   13  1555  1583     1    13   629
   14  1265  1563     1    14   630
   15   965  1519     1    15   631
   16  1005  1345     1    16   632
   17  1183  1319     1    17   633
   18  1615  1311     1    18   634
