point     x     y slice color    ID
    0   959  1469     1     0   559
    1  1121  1343     1     1   560
    2  1285  1279     1     2   561
    3  1611  1181     1     3   562
    4  1861  1173     1     4   563
    5  2217  1195     1     5   564
    6  2693  1425     1     6   565
    7  2831  1481     1     7   566
    8  2853  1527     1     8   567
    9  2827  1557     1     9   568
   10  2679  1531     1    10   569
   11  2357  1585     1    11   570
   12  1801  1651     1    12   571
   13  1593  1609     1    13   572
   14  1393  1575     1    14   573
   15  1069  1565     1    15   574
   16  1121  1427     1    16   575
   17  1295  1433     1    17   576
   18  1653  1423     1    18   577
