point     x     y slice color    ID
    0  1187  1347     1     0   578
    1  1329  1249     1     1   579
    2  1471  1195     1     2   580
    3  1805  1089     1     3   581
    4  2053  1077     1     4   582
    5  2369  1111     1     5   583
    6  2775  1265     1     6   584
    7  2877  1317     1     7   585
    8  2929  1357     1     8   586
    9  2877  1369     1     9   587
   10  2761  1361     1    10   588
   11  2493  1449     1    11   589
   12  1973  1517     1    12   590
   13  1793  1499     1    13   591
   14  1581  1475     1    14   592
   15  1301  1443     1    15   593
   16  1329  1311     1    16   594
   17  1481  1303     1    17   595
   18  1811  1305     1    18   596
