point     x     y slice color    ID
    0  1099  1433     1     0   483
    1  1273  1307     1     1   484
    2  1461  1237     1     2   485
    3  1857  1101     1     3   486
    4  2113  1073     1     4   487
    5  2583  1087     1     5   488
    6  3175  1323     1     6   489
    7  3349  1401     1     7   490
    8  3387  1443     1     8   491
    9  3329  1485     1     9   492
   10  3171  1477     1    10   493
   11  2805  1567     1    11   494
   12  2075  1665     1    12   495
   13  1837  1657     1    13   496
   14  1543  1619     1    14   497
   15  1225  1565     1    15   498
   16  1273  1381     1    16   499
   17  1455  1373     1    17   500
   18  1883  1375     1    18   501
