point     x     y slice color    ID
    0  1169  1363     1     0   691
    1  1337  1261     1     1   692
    2  1507  1207     1     2   693
    3  1875  1137     1     3   694
    4  2143  1143     1     4   695
    5  2453  1159     1     5   696
    6  2937  1243     1     6   697
    7  3069  1233     1     7   698
    8  3151  1265     1     8   699
    9  3085  1315     1     9   700
   10  2965  1351     1    10   701
   11  2587  1511     1    11   702
   12  2073  1579     1    12   703
   13  1877  1575     1    13   704
   14  1633  1559     1    14   705
   15  1293  1491     1    15   706
   16  1339  1337     1    16   707
   17  1513  1359     1    17   708
   18  1915  1373     1    18   709
