point     x     y slice color    ID
    0  1213  1291     1     0   672
    1  1389  1217     1     1   673
    2  1569  1171     1     2   674
    3  1953  1099     1     3   675
    4  2189  1115     1     4   676
    5  2507  1137     1     5   677
    6  2977  1267     1     6   678
    7  3085  1279     1     7   679
    8  3143  1323     1     8   680
    9  3087  1353     1     9   681
   10  2997  1369     1    10   682
   11  2593  1509     1    11   683
   12  2107  1557     1    12   684
   13  1947  1545     1    13   685
   14  1629  1507     1    14   686
   15  1337  1435     1    15   687
   16  1389  1285     1    16   688
   17  1565  1289     1    17   689
   18  1931  1327     1    18   690
