point     x     y slice color    ID
    0  1027  1317     1     0   710
    1  1215  1213     1     1   711
    2  1395  1143     1     2   712
    3  1841  1005     1     3   713
    4  2127   995     1     4   714
    5  2579  1019     1     5   715
    6  3165  1159     1     6   716
    7  3309  1167     1     7   717
    8  3403  1205     1     8   718
    9  3329  1257     1     9   719
   10  3207  1291     1    10   720
   11  2785  1501     1    11   721
   12  2063  1597     1    12   722
   13  1817  1583     1    13   723
   14  1479  1539     1    14   724
   15  1157  1465     1    15   725
   16  1215  1281     1    16   726
   17  1397  1279     1    17   727
   18  1849  1301     1    18   728
