point     x     y slice color    ID
    0   925  1414     1     0   748
    1  1123  1297     1     1   749
    2  1303  1234     1     2   750
    3  1756  1099     1     3   751
    4  2068  1084     1     4   752
    5  2527  1081     1     5   753
    6  3121  1270     1     6   754
    7  3337  1324     1     7   755
    8  3433  1384     1     8   756
    9  3325  1414     1     9   757
   10  3115  1432     1    10   758
   11  2761  1639     1    11   759
   12  1990  1684     1    12   760
   13  1741  1678     1    13   761
   14  1405  1639     1    14   762
   15  1048  1558     1    15   763
   16  1114  1390     1    16   764
   17  1312  1384     1    17   765
   18  1777  1396     1    18   766
