point     x     y slice color    ID
    0   913  1243     1     0   786
    1  1081  1141     1     1   787
    2  1252  1069     1     2   788
    3  1690   961     1     3   789
    4  1972   961     1     4   790
    5  2407   973     1     5   791
    6  2980  1123     1     6   792
    7  3109  1132     1     7   793
    8  3193  1159     1     8   794
    9  3109  1225     1     9   795
   10  2977  1255     1    10   796
   11  2596  1435     1    11   797
   12  1882  1540     1    12   798
   13  1663  1519     1    13   799
   14  1330  1450     1    14   800
   15  1009  1384     1    15   801
   16  1081  1198     1    16   802
   17  1255  1183     1    17   803
   18  1690  1222     1    18   804
