point     x     y slice color    ID
    0   955  1417     1     0   824
    1  1135  1315     1     1   825
    2  1294  1258     1     2   826
    3  1744  1147     1     3   827
    4  2020  1117     1     4   828
    5  2524  1135     1     5   829
    6  3136  1237     1     6   830
    7  3322  1240     1     7   831
    8  3427  1267     1     8   832
    9  3337  1321     1     9   833
   10  3148  1384     1    10   834
   11  2764  1582     1    11   835
   12  1939  1714     1    12   836
   13  1732  1705     1    13   837
   14  1396  1645     1    14   838
   15  1081  1558     1    15   839
   16  1129  1390     1    16   840
   17  1297  1399     1    17   841
   18  1717  1441     1    18   842
