point     x     y slice color    ID
    0   935  1236     1     0   881
    1  1099  1138     1     1   882
    2  1265  1066     1     2   883
    3  1643   966     1     3   884
    4  1885   960     1     4   885
    5  2257   974     1     5   886
    6  2745  1092     1     6   887
    7  2907  1122     1     7   888
    8  2981  1158     1     8   889
    9  2901  1200     1     9   890
   10  2737  1230     1    10   891
   11  2369  1354     1    11   892
   12  1827  1434     1    12   893
   13  1613  1418     1    13   894
   14  1349  1392     1    14   895
   15  1069  1364     1    15   896
   16  1107  1190     1    16   897
   17  1273  1184     1    17   898
   18  1659  1176     1    18   899
