point     x     y slice color    ID
    0   932   630     1     0   571
    1  1004   778     1     1   572
    2  1068   938     1     2   573
    3  1172  1358     1     3   574
    4  1164  1602     1     4   575
    5  1156  1942     1     5   576
    6  1064  2470     1     6   577
    7  1076  2614     1     7   578
    8  1040  2718     1     8   579
    9   976  2650     1     9   580
   10   936  2486     1    10   581
   11   764  2126     1    11   582
   12   672  1558     1    12   583
   13   688  1378     1    13   584
   14   716  1094     1    14   585
   15   776   774     1    15   586
   16   936   806     1    16   587
   17   948   966     1    17   588
   18   932  1370     1    18   589
