point     x     y slice color    ID
    0  1119  1242     1     0   843
    1  1289  1154     1     1   844
    2  1459  1094     1     2   845
    3  1861   998     1     3   846
    4  2103   992     1     4   847
    5  2413  1006     1     5   848
    6  2871  1126     1     6   849
    7  3023  1130     1     7   850
    8  3049  1176     1     8   851
    9  3009  1230     1     9   852
   10  2871  1274     1    10   853
   11  2527  1414     1    11   854
   12  2025  1452     1    12   855
   13  1843  1442     1    13   856
   14  1545  1430     1    14   857
   15  1251  1368     1    15   858
   16  1291  1208     1    16   859
   17  1465  1206     1    17   860
   18  1879  1224     1    18   861
