point     x     y slice color    ID
    0   931  1228     1     0   862
    1  1121  1112     1     1   863
    2  1293  1054     1     2   864
    3  1709   982     1     3   865
    4  1983   968     1     4   866
    5  2359   974     1     5   867
    6  2843  1110     1     6   868
    7  3003  1152     1     7   869
    8  3069  1200     1     8   870
    9  3001  1244     1     9   871
   10  2825  1246     1    10   872
   11  2511  1364     1    11   873
   12  1883  1472     1    12   874
   13  1693  1462     1    13   875
   14  1379  1412     1    14   876
   15  1063  1358     1    15   877
   16  1113  1198     1    16   878
   17  1291  1200     1    17   879
   18  1705  1216     1    18   880
