point     x     y slice color    ID
    0   956   306     1     0   590
    1  1068   466     1     1   591
    2  1140   642     1     2   592
    3  1252  1206     1     3   593
    4  1236  1502     1     4   594
    5  1248  1974     1     5   595
    6  1148  2690     1     6   596
    7  1144  2854     1     7   597
    8  1100  2954     1     8   598
    9  1044  2882     1     9   599
   10  1024  2730     1    10   600
   11   764  2234     1    11   601
   12   684  1462     1    12   602
   13   672  1230     1    13   603
   14   704   842     1    14   604
   15   784   430     1    15   605
   16   988   482     1    16   606
   17  1012   686     1    17   607
   18   972  1162     1    18   608
