point     x     y slice color    ID
    0   972   582     1     0   552
    1  1064   746     1     1   553
    2  1108   890     1     2   554
    3  1216  1334     1     3   555
    4  1224  1574     1     4   556
    5  1224  1934     1     5   557
    6  1104  2434     1     6   558
    7  1096  2590     1     7   559
    8  1084  2702     1     8   560
    9  1000  2626     1     9   561
   10   956  2434     1    10   562
   11   796  2054     1    11   563
   12   740  1538     1    12   564
   13   744  1334     1    13   565
   14   772  1054     1    14   566
   15   848   726     1    15   567
   16   996   762     1    16   568
   17   988   938     1    17   569
   18   964  1350     1    18   570
