point     x     y slice color    ID
    0   936   558     1     0   533
    1  1044   738     1     1   534
    2  1080   874     1     2   535
    3  1164  1322     1     3   536
    4  1156  1562     1     4   537
    5  1152  1910     1     5   538
    6  1104  2458     1     6   539
    7  1140  2558     1     7   540
    8  1152  2658     1     8   541
    9  1052  2590     1     9   542
   10   980  2458     1    10   543
   11   744  2046     1    11   544
   12   656  1514     1    12   545
   13   664  1334     1    13   546
   14   716  1098     1    14   547
   15   812   686     1    15   548
   16   964   742     1    16   549
   17   960   910     1    17   550
   18   896  1294     1    18   551
