point     x     y slice color    ID
    0  1092   738     1     0   514
    1  1152   890     1     1   515
    2  1180  1010     1     2   516
    3  1224  1366     1     3   517
    4  1240  1546     1     4   518
    5  1236  1818     1     5   519
    6  1156  2198     1     6   520
    7  1152  2298     1     7   521
    8  1124  2366     1     8   522
    9  1080  2322     1     9   523
   10  1048  2214     1    10   524
   11   928  1922     1    11   525
   12   860  1518     1    12   526
   13   860  1374     1    13   527
   14   896  1094     1    14   528
   15   968   834     1    15   529
   16  1100   890     1    16   530
   17  1092  1038     1    17   531
   18  1064  1358     1    18   532
