point     x     y slice color    ID
    0  1131  1314     1     0   995
    1  1323  1215     1     1   996
    2  1485  1146     1     2   997
    3  1914  1053     1     3   998
    4  2154  1050     1     4   999
    5  2565  1056     1     5  1000
    6  3105  1161     1     6  1001
    7  3258  1128     1     7  1002
    8  3336  1143     1     8  1003
    9  3276  1212     1     9  1004
   10  3144  1281     1    10  1005
   11  2784  1473     1    11  1006
   12  2097  1584     1    12  1007
   13  1908  1572     1    13  1008
   14  1572  1491     1    14  1009
   15  1260  1443     1    15  1010
   16  1314  1281     1    16  1011
   17  1497  1275     1    17  1012
   18  1917  1308     1    18  1013
