point     x     y slice color    ID
    0  1312  1191     1     0  1033
    1  1495  1122     1     1  1034
    2  1684  1080     1     2  1035
    3  2089  1050     1     3  1036
    4  2338  1074     1     4  1037
    5  2659  1095     1     5  1038
    6  3151  1176     1     6  1039
    7  3322  1185     1     7  1040
    8  3409  1209     1     8  1041
    9  3334  1263     1     9  1042
   10  3199  1302     1    10  1043
   11  2848  1482     1    11  1044
   12  2254  1539     1    12  1045
   13  2056  1512     1    13  1046
   14  1759  1449     1    14  1047
   15  1426  1344     1    15  1048
   16  1489  1194     1    16  1049
   17  1678  1212     1    17  1050
   18  2077  1290     1    18  1051
