point     x     y slice color    ID
    0  1011  1428     1     0   938
    1  1217  1276     1     1   939
    2  1403  1172     1     2   940
    3  1825  1054     1     3   941
    4  2089  1036     1     4   942
    5  2525  1056     1     5   943
    6  3087  1290     1     6   944
    7  3275  1344     1     7   945
    8  3355  1398     1     8   946
    9  3255  1438     1     9   947
   10  3067  1428     1    10   948
   11  2661  1494     1    11   949
   12  2029  1568     1    12   950
   13  1833  1584     1    13   951
   14  1477  1566     1    14   952
   15  1151  1548     1    15   953
   16  1217  1348     1    16   954
   17  1407  1332     1    17   955
   18  1849  1318     1    18   956
