point     x     y slice color    ID
    0  1159  1254     1     0  1014
    1  1312  1167     1     1  1015
    2  1474  1107     1     2  1016
    3  1897   972     1     3  1017
    4  2164   963     1     4  1018
    5  2587   969     1     5  1019
    6  3154  1125     1     6  1020
    7  3325  1146     1     7  1021
    8  3412  1173     1     8  1022
    9  3331  1230     1     9  1023
   10  3172  1254     1    10  1024
   11  2800  1407     1    11  1025
   12  2101  1500     1    12  1026
   13  1858  1497     1    13  1027
   14  1570  1437     1    14  1028
   15  1270  1392     1    15  1029
   16  1321  1224     1    16  1030
   17  1477  1212     1    17  1031
   18  1900  1248     1    18  1032
