point     x     y slice color    ID
    0  1015  1494     1     0  1071
    1  1174  1374     1     1  1072
    2  1336  1296     1     2  1073
    3  1759  1167     1     3  1074
    4  1987  1161     1     4  1075
    5  2350  1179     1     5  1076
    6  2809  1317     1     6  1077
    7  3013  1386     1     7  1078
    8  3070  1434     1     8  1079
    9  3007  1473     1     9  1080
   10  2848  1464     1    10  1081
   11  2479  1572     1    11  1082
   12  1912  1638     1    12  1083
   13  1735  1653     1    13  1084
   14  1447  1632     1    14  1085
   15  1153  1611     1    15  1086
   16  1177  1422     1    16  1087
   17  1339  1419     1    17  1088
   18  1735  1398     1    18  1089
