point     x     y slice color    ID
    0   931  1208     1     0   957
    1  1145  1104     1     1   958
    2  1325  1044     1     2   959
    3  1721   956     1     3   960
    4  1959   958     1     4   961
    5  2309   978     1     5   962
    6  2825  1072     1     6   963
    7  2999  1064     1     7   964
    8  3067  1100     1     8   965
    9  3003  1168     1     9   966
   10  2841  1222     1    10   967
   11  2447  1378     1    11   968
   12  1901  1454     1    12   969
   13  1707  1462     1    13   970
   14  1431  1432     1    14   971
   15  1075  1356     1    15   972
   16  1149  1186     1    16   973
   17  1335  1186     1    17   974
   18  1737  1226     1    18   975
