point     x     y slice color    ID
    0  1001  1262     1     0   919
    1  1219  1158     1     1   920
    2  1411  1100     1     2   921
    3  1865  1006     1     3   922
    4  2143  1016     1     4   923
    5  2583  1050     1     5   924
    6  3137  1194     1     6   925
    7  3311  1188     1     7   926
    8  3411  1216     1     8   927
    9  3325  1288     1     9   928
   10  3099  1366     1    10   929
   11  2713  1498     1    11   930
   12  2053  1552     1    12   931
   13  1827  1542     1    13   932
   14  1501  1498     1    14   933
   15  1143  1420     1    15   934
   16  1215  1228     1    16   935
   17  1411  1222     1    17   936
   18  1881  1270     1    18   937
