point     x     y slice color    ID
    0  1075  1281     1     0  1052
    1  1273  1170     1     1  1053
    2  1471  1131     1     2  1054
    3  1873  1077     1     3  1055
    4  2110  1086     1     4  1056
    5  2455  1104     1     5  1057
    6  2977  1230     1     6  1058
    7  3181  1263     1     7  1059
    8  3259  1305     1     8  1060
    9  3193  1362     1     9  1061
   10  2995  1383     1    10  1062
   11  2602  1536     1    11  1063
   12  2002  1587     1    12  1064
   13  1807  1551     1    13  1065
   14  1549  1494     1    14  1066
   15  1207  1422     1    15  1067
   16  1273  1242     1    16  1068
   17  1465  1263     1    17  1069
   18  1861  1320     1    18  1070
