point     x     y slice color    ID
    0   789  1238     1     0   976
    1   989  1118     1     1   977
    2  1169  1058     1     2   978
    3  1593   988     1     3   979
    4  1853   990     1     4   980
    5  2209  1000     1     5   981
    6  2753  1126     1     6   982
    7  2907  1136     1     7   983
    8  2981  1164     1     8   984
    9  2909  1222     1     9   985
   10  2775  1254     1    10   986
   11  2353  1422     1    11   987
   12  1755  1496     1    12   988
   13  1565  1480     1    13   989
   14  1273  1432     1    14   990
   15   931  1372     1    15   991
   16   983  1194     1    16   992
   17  1167  1196     1    17   993
   18  1597  1248     1    18   994
