point     x     y slice color    ID
    0   931  1215     1     0  1223
    1  1114  1143     1     1  1224
    2  1291  1098     1     2  1225
    3  1726  1017     1     3  1226
    4  1990  1038     1     4  1227
    5  2323  1047     1     5  1228
    6  2914  1149     1     6  1229
    7  3049  1146     1     7  1230
    8  3136  1182     1     8  1231
    9  3073  1230     1     9  1232
   10  2908  1293     1    10  1233
   11  2506  1446     1    11  1234
   12  1924  1545     1    12  1235
   13  1687  1536     1    13  1236
   14  1420  1476     1    14  1237
   15  1051  1374     1    15  1238
   16  1120  1206     1    16  1239
   17  1306  1227     1    17  1240
   18  1738  1290     1    18  1241
