point     x     y slice color    ID
    0   961  1299     1     0  1185
    1  1144  1188     1     1  1186
    2  1312  1116     1     2  1187
    3  1738  1008     1     3  1188
    4  1981  1005     1     4  1189
    5  2317  1023     1     5  1190
    6  2830  1161     1     6  1191
    7  2968  1182     1     7  1192
    8  3043  1230     1     8  1193
    9  2980  1278     1     9  1194
   10  2899  1281     1    10  1195
   11  2485  1449     1    11  1196
   12  1897  1554     1    12  1197
   13  1699  1530     1    13  1198
   14  1423  1482     1    14  1199
   15  1084  1437     1    15  1200
   16  1150  1245     1    16  1201
   17  1315  1245     1    17  1202
   18  1768  1281     1    18  1203
