point     x     y slice color    ID
    0  1045  1308     1     0  1147
    1  1225  1206     1     1  1148
    2  1411  1146     1     2  1149
    3  1798  1086     1     3  1150
    4  2068  1098     1     4  1151
    5  2389  1119     1     5  1152
    6  2908  1236     1     6  1153
    7  3016  1233     1     7  1154
    8  3127  1260     1     8  1155
    9  3058  1314     1     9  1156
   10  2902  1362     1    10  1157
   11  2485  1527     1    11  1158
   12  1960  1575     1    12  1159
   13  1753  1542     1    13  1160
   14  1552  1500     1    14  1161
   15  1180  1443     1    15  1162
   16  1216  1287     1    16  1163
   17  1405  1299     1    17  1164
   18  1798  1344     1    18  1165
