point     x     y slice color    ID
    0  1099  1227     1     0  1261
    1  1258  1137     1     1  1262
    2  1417  1092     1     2  1263
    3  1789  1017     1     3  1264
    4  1987  1035     1     4  1265
    5  2287  1059     1     5  1266
    6  2752  1134     1     6  1267
    7  2881  1134     1     7  1268
    8  2947  1155     1     8  1269
    9  2896  1200     1     9  1270
   10  2761  1245     1    10  1271
   11  2590  1308     1    11  1272
   12  1897  1443     1    12  1273
   13  1732  1425     1    13  1274
   14  1555  1404     1    14  1275
   15  1213  1347     1    15  1276
   16  1261  1209     1    16  1277
   17  1420  1212     1    17  1278
   18  1762  1245     1    18  1279
