point     x     y slice color    ID
    0  1078  1347     1     0  1128
    1  1249  1224     1     1  1129
    2  1414  1140     1     2  1130
    3  1813  1032     1     3  1131
    4  2065  1038     1     4  1132
    5  2455  1053     1     5  1133
    6  2962  1188     1     6  1134
    7  3118  1230     1     7  1135
    8  3199  1278     1     8  1136
    9  3121  1314     1     9  1137
   10  2899  1344     1    10  1138
   11  2545  1467     1    11  1139
   12  2005  1530     1    12  1140
   13  1780  1518     1    13  1141
   14  1537  1485     1    14  1142
   15  1222  1452     1    15  1143
   16  1252  1278     1    16  1144
   17  1423  1275     1    17  1145
   18  1825  1275     1    18  1146
