point     x     y slice color    ID
    0  1141  1290     1     0  1109
    1  1324  1185     1     1  1110
    2  1501  1131     1     2  1111
    3  1897  1053     1     3  1112
    4  2146  1062     1     4  1113
    5  2533  1098     1     5  1114
    6  3022  1206     1     6  1115
    7  3220  1224     1     7  1116
    8  3286  1272     1     8  1117
    9  3220  1314     1     9  1118
   10  3040  1356     1    10  1119
   11  2608  1512     1    11  1120
   12  2089  1569     1    12  1121
   13  1861  1554     1    13  1122
   14  1600  1506     1    14  1123
   15  1336  1461     1    15  1124
   16  1333  1248     1    16  1125
   17  1501  1260     1    17  1126
   18  1930  1308     1    18  1127
