point     x     y slice color    ID
    0  1030  1293     1     0  1204
    1  1234  1194     1     1  1205
    2  1420  1143     1     2  1206
    3  1843  1044     1     3  1207
    4  2104  1047     1     4  1208
    5  2521  1050     1     5  1209
    6  3070  1206     1     6  1210
    7  3250  1263     1     7  1211
    8  3313  1320     1     8  1212
    9  3226  1338     1     9  1213
   10  3094  1341     1    10  1214
   11  2650  1467     1    11  1215
   12  2032  1551     1    12  1216
   13  1822  1554     1    13  1217
   14  1579  1524     1    14  1218
   15  1180  1446     1    15  1219
   16  1237  1269     1    16  1220
   17  1420  1278     1    17  1221
   18  1858  1305     1    18  1222
