point     x     y slice color    ID
    0   936   594     1     0   704
    1  1024   746     1     1   705
    2  1064   886     1     2   706
    3  1144  1278     1     3   707
    4  1156  1498     1     4   708
    5  1140  1810     1     5   709
    6  1052  2286     1     6   710
    7   988  2390     1     7   711
    8   948  2454     1     8   712
    9   924  2366     1     9   713
   10   916  2250     1    10   714
   11   808  1938     1    11   715
   12   732  1434     1    12   716
   13   740  1258     1    13   717
   14   772  1026     1    14   718
   15   812   710     1    15   719
   16   944   758     1    16   720
   17   952   898     1    17   721
   18   928  1278     1    18   722
