point     x     y slice color    ID
    0  1072   550     1     0   742
    1  1132   730     1     1   743
    2  1156   874     1     2   744
    3  1236  1258     1     3   745
    4  1236  1478     1     4   746
    5  1224  1806     1     5   747
    6  1172  2254     1     6   748
    7  1212  2390     1     7   749
    8  1224  2490     1     8   750
    9  1128  2438     1     9   751
   10  1032  2278     1    10   752
   11   836  1958     1    11   753
   12   760  1438     1    12   754
   13   764  1262     1    13   755
   14   820   958     1    14   756
   15   900   658     1    15   757
   16  1040   734     1    16   758
   17  1044   910     1    17   759
   18   988  1278     1    18   760
