point     x     y slice color    ID
    0   932   506     1     0   761
    1  1032   642     1     1   762
    2  1092   778     1     2   763
    3  1196  1234     1     3   764
    4  1208  1462     1     4   765
    5  1196  1850     1     5   766
    6  1080  2350     1     6   767
    7  1092  2486     1     7   768
    8  1056  2570     1     8   769
    9   996  2502     1     9   770
   10   952  2342     1    10   771
   11   764  1902     1    11   772
   12   716  1410     1    12   773
   13   720  1246     1    13   774
   14   768   930     1    14   775
   15   816   626     1    15   776
   16   980   654     1    16   777
   17   988   810     1    17   778
   18   960  1202     1    18   779
