point     x     y slice color    ID
    0   900   562     1     0   685
    1  1020   730     1     1   686
    2  1072   842     1     2   687
    3  1180  1270     1     3   688
    4  1188  1482     1     4   689
    5  1200  1790     1     5   690
    6  1100  2314     1     6   691
    7  1084  2430     1     7   692
    8  1044  2506     1     8   693
    9  1016  2450     1     9   694
   10   984  2306     1    10   695
   11   820  1914     1    11   696
   12   720  1462     1    12   697
   13   712  1294     1    13   698
   14   752   990     1    14   699
   15   792   698     1    15   700
   16   948   742     1    16   701
   17   956   886     1    17   702
   18   948  1290     1    18   703
