point     x     y slice color    ID
    0  1020   698     1     0   780
    1  1112   846     1     1   781
    2  1156   986     1     2   782
    3  1232  1362     1     3   783
    4  1220  1574     1     4   784
    5  1188  1874     1     5   785
    6  1068  2306     1     6   786
    7  1044  2430     1     7   787
    8  1032  2526     1     8   788
    9   968  2470     1     9   789
   10   932  2326     1    10   790
   11   812  1966     1    11   791
   12   788  1534     1    12   792
   13   800  1374     1    13   793
   14   852  1094     1    14   794
   15   892   850     1    15   795
   16  1044   866     1    16   796
   17  1060  1034     1    17   797
   18  1012  1394     1    18   798
