point     x     y slice color    ID
    0  1100   762     1     0   666
    1  1168   862     1     1   667
    2  1220   978     1     2   668
    3  1316  1310     1     3   669
    4  1320  1470     1     4   670
    5  1316  1738     1     5   671
    6  1228  2106     1     6   672
    7  1204  2214     1     7   673
    8  1176  2310     1     8   674
    9  1144  2246     1     9   675
   10  1104  2122     1    10   676
   11   988  1850     1    11   677
   12   924  1454     1    12   678
   13   924  1318     1    13   679
   14   960  1082     1    14   680
   15  1020   846     1    15   681
   16  1124   890     1    16   682
   17  1128   998     1    17   683
   18  1124  1310     1    18   684
