point     x     y slice color    ID
    0  1104   502     1     0   723
    1  1204   694     1     1   724
    2  1240   842     1     2   725
    3  1312  1258     1     3   726
    4  1344  1490     1     4   727
    5  1328  1778     1     5   728
    6  1260  2306     1     6   729
    7  1280  2426     1     7   730
    8  1276  2534     1     8   731
    9  1216  2482     1     9   732
   10  1128  2334     1    10   733
   11   964  1922     1    11   734
   12   880  1454     1    12   735
   13   880  1282     1    13   736
   14   912   934     1    14   737
   15   972   630     1    15   738
   16  1136   698     1    16   739
   17  1136   882     1    17   740
   18  1112  1270     1    18   741
