point     x     y slice color    ID
    0   980   574     1     0   913
    1  1068   754     1     1   914
    2  1140   914     1     2   915
    3  1224  1314     1     3   916
    4  1212  1522     1     4   917
    5  1180  1866     1     5   918
    6  1012  2358     1     6   919
    7   976  2486     1     7   920
    8   916  2550     1     8   921
    9   888  2482     1     9   922
   10   888  2322     1    10   923
   11   820  1974     1    11   924
   12   744  1486     1    12   925
   13   744  1294     1    13   926
   14   792  1062     1    14   927
   15   856   722     1    15   928
   16  1032   770     1    16   929
   17  1036   946     1    17   930
   18  1000  1334     1    18   931
