point     x     y slice color    ID
    0   912  1251     1     0  1945
    1  1044  1177     1     1  1946
    2  1194  1131     1     2  1947
    3  1526  1035     1     3  1948
    4  1738  1039     1     4  1949
    5  2068  1067     1     5  1950
    6  2492  1181     1     6  1951
    7  2638  1195     1     7  1952
    8  2690  1227     1     8  1953
    9  2504  1271     1     9  1954
   10  2222  1393     1    10  1955
   11  1670  1473     1    11  1956
   12  1484  1453     1    12  1957
   13  1256  1405     1    13  1958
   14  1016  1361     1    14  1959
   15  1046  1227     1    15  1960
   16  1190  1235     1    16  1961
   17  1510  1251     1    17  1962
