point     x     y slice color    ID
    0  1138  1323     1     0   514
    1  1243  1266     1     1   515
    2  1381  1230     1     2   516
    3  1678  1161     1     3   517
    4  1858  1164     1     4   518
    5  2128  1176     1     5   519
    6  2479  1257     1     6   520
    7  2629  1284     1     7   521
    8  2677  1317     1     8   522
    9  2626  1350     1     9   523
   10  2491  1356     1    10   524
   11  2242  1425     1    11   525
   12  1813  1494     1    12   526
   13  1684  1482     1    13   527
   14  1444  1461     1    14   528
   15  1219  1413     1    15   529
   16  1240  1305     1    16   530
   17  1384  1305     1    17   531
   18  1666  1317     1    18   532
