point     x     y slice color    ID
    0  1065  1325     1     0   172
    1  1185  1255     1     1   173
    2  1337  1195     1     2   174
    3  1645  1121     1     3   175
    4  1849  1119     1     4   176
    5  2157  1133     1     5   177
    6  2565  1247     1     6   178
    7  2669  1273     1     7   179
    8  2703  1311     1     8   180
    9  2659  1329     1     9   181
   10  2563  1329     1    10   182
   11  2251  1419     1    11   183
   12  1803  1503     1    12   184
   13  1625  1495     1    13   185
   14  1389  1465     1    14   186
   15  1159  1431     1    15   187
   16  1179  1307     1    16   188
   17  1331  1309     1    17   189
   18  1651  1311     1    18   190
