point     x     y slice color    ID
    0   904  1413     1     0  2153
    1  1054  1337     1     1  2154
    2  1200  1277     1     2  2155
    3  1502  1197     1     3  2156
    4  1686  1191     1     4  2157
    5  1940  1217     1     5  2158
    6  2322  1311     1     6  2159
    7  2450  1331     1     7  2160
    8  2508  1365     1     8  2161
    9  2460  1393     1     9  2162
   10  2328  1405     1    10  2163
   11  2032  1497     1    11  2164
   12  1648  1557     1    12  2165
   13  1492  1561     1    13  2166
   14  1260  1545     1    14  2167
   15  1010  1509     1    15  2168
   16  1054  1391     1    16  2169
   17  1204  1391     1    17  2170
   18  1516  1381     1    18  2171
