point     x     y slice color    ID
    0  1175  1378     1     0   608
    1  1345  1284     1     1   609
    2  1519  1216     1     2   610
    3  1837  1160     1     3   611
    4  2067  1168     1     4   612
    5  2343  1190     1     5   613
    6  2767  1296     1     6   614
    7  2933  1312     1     7   615
    8  2997  1348     1     8   616
    9  2939  1382     1     9   617
   10  2823  1406     1    10   618
   11  2469  1520     1    11   619
   12  1989  1570     1    12   620
   13  1819  1566     1    13   621
   14  1547  1534     1    14   622
   15  1297  1494     1    15   623
   16  1353  1338     1    16   624
   17  1517  1338     1    17   625
   18  1857  1352     1    18   626
