point     x     y slice color    ID
    0   820  1374     1     0   400
    1   961  1281     1     1   401
    2  1111  1227     1     2   402
    3  1402  1152     1     3   403
    4  1606  1146     1     4   404
    5  1930  1161     1     5   405
    6  2344  1275     1     6   406
    7  2473  1308     1     7   407
    8  2560  1338     1     8   408
    9  2494  1371     1     9   409
   10  2344  1374     1    10   410
   11  2056  1464     1    11   411
   12  1558  1533     1    12   412
   13  1390  1527     1    13   413
   14  1168  1494     1    14   414
   15   910  1467     1    15   415
   16   961  1359     1    16   416
   17  1111  1350     1    17   417
   18  1408  1347     1    18   418
