point     x     y slice color    ID
    0  1240  1407     1     0  1255
    1  1366  1359     1     1  1256
    2  1510  1326     1     2  1257
    3  1801  1284     1     3  1258
    4  1972  1290     1     4  1259
    5  2251  1317     1     5  1260
    6  2611  1416     1     6  1261
    7  2746  1431     1     7  1262
    8  2806  1449     1     8  1263
    9  2746  1491     1     9  1264
   10  2605  1506     1    10  1265
   11  2347  1587     1    11  1266
   12  1915  1644     1    12  1267
   13  1783  1614     1    13  1268
   14  1561  1581     1    14  1269
   15  1324  1518     1    15  1270
   16  1369  1407     1    16  1271
   17  1513  1434     1    17  1272
