point     x     y slice color    ID
    0  1300  1350     1     0   780
    1  1423  1269     1     1   781
    2  1570  1209     1     2   782
    3  1834  1140     1     3   783
    4  2023  1140     1     4   784
    5  2275  1173     1     5   785
    6  2605  1308     1     6   786
    7  2740  1359     1     7   787
    8  2776  1398     1     8   788
    9  2719  1419     1     9   789
   10  2599  1404     1    10   790
   11  2338  1458     1    11   791
   12  1984  1479     1    12   792
   13  1837  1467     1    13   793
   14  1663  1455     1    14   794
   15  1399  1443     1    15   795
   16  1426  1317     1    16   796
   17  1567  1305     1    17   797
   18  1831  1296     1    18   798
