point     x     y slice color    ID
    0  1078  1407     1     0   191
    1  1189  1350     1     1   192
    2  1342  1308     1     2   193
    3  1636  1233     1     3   194
    4  1819  1233     1     4   195
    5  2101  1272     1     5   196
    6  2464  1362     1     6   197
    7  2596  1383     1     7   198
    8  2656  1416     1     8   199
    9  2596  1437     1     9   200
   10  2461  1443     1    10   201
   11  2197  1521     1    11   202
   12  1783  1578     1    12   203
   13  1633  1575     1    13   204
   14  1402  1551     1    14   205
   15  1156  1518     1    15   206
   16  1198  1392     1    16   207
   17  1342  1398     1    17   208
   18  1627  1401     1    18   209
