point     x     y slice color    ID
    0   988  1326     1     0   172
    1  1129  1269     1     1   173
    2  1285  1239     1     2   174
    3  1612  1185     1     3   175
    4  1789  1185     1     4   176
    5  2074  1185     1     5   177
    6  2491  1287     1     6   178
    7  2626  1317     1     7   179
    8  2692  1335     1     8   180
    9  2650  1374     1     9   181
   10  2518  1398     1    10   182
   11  2203  1503     1    11   183
   12  1714  1563     1    12   184
   13  1579  1548     1    13   185
   14  1312  1521     1    14   186
   15  1060  1434     1    15   187
   16  1123  1326     1    16   188
   17  1273  1332     1    17   189
   18  1570  1359     1    18   190
