point     x     y slice color    ID
    0   934  1383     1     0  2342
    1  1078  1293     1     1  2343
    2  1214  1233     1     2  2344
    3  1508  1153     1     3  2345
    4  1708  1155     1     4  2346
    5  1988  1171     1     5  2347
    6  2372  1279     1     6  2348
    7  2520  1319     1     7  2349
    8  2586  1349     1     8  2350
    9  2518  1375     1     9  2351
   10  2398  1379     1    10  2352
   11  2092  1479     1    11  2353
   12  1674  1539     1    12  2354
   13  1476  1531     1    13  2355
   14  1262  1493     1    14  2356
   15  1038  1473     1    15  2357
   16  1072  1347     1    16  2358
   17  1224  1327     1    17  2359
   18  1516  1331     1    18  2360
