point     x     y slice color    ID
    0  1096  1335     1     0   799
    1  1261  1248     1     1   800
    2  1417  1173     1     2   801
    3  1801  1077     1     3   802
    4  2080  1056     1     4   803
    5  2437  1071     1     5   804
    6  2947  1152     1     6   805
    7  3118  1200     1     7   806
    8  3184  1242     1     8   807
    9  3106  1272     1     9   808
   10  2980  1275     1    10   809
   11  2617  1416     1    11   810
   12  2002  1536     1    12   811
   13  1771  1518     1    13   812
   14  1486  1491     1    14   813
   15  1210  1452     1    15   814
   16  1258  1296     1    16   815
   17  1414  1302     1    17   816
   18  1822  1299     1    18   817
