point     x     y slice color    ID
    0   979  1359     1     0   286
    1  1102  1242     1     1   287
    2  1246  1176     1     2   288
    3  1558  1086     1     3   289
    4  1765  1077     1     4   290
    5  2047  1098     1     5   291
    6  2416  1245     1     6   292
    7  2569  1281     1     7   293
    8  2638  1323     1     8   294
    9  2560  1347     1     9   295
   10  2443  1347     1    10   296
   11  2155  1425     1    11   297
   12  1741  1482     1    12   298
   13  1534  1464     1    13   299
   14  1315  1461     1    14   300
   15  1093  1446     1    15   301
   16  1102  1308     1    16   302
   17  1249  1293     1    17   303
   18  1570  1284     1    18   304
