point     x     y slice color    ID
    0  1124  1321     1     0  2475
    1  1270  1231     1     1  2476
    2  1416  1191     1     2  2477
    3  1734  1109     1     3  2478
    4  1938  1119     1     4  2479
    5  2228  1147     1     5  2480
    6  2628  1265     1     6  2481
    7  2774  1301     1     7  2482
    8  2828  1333     1     8  2483
    9  2764  1363     1     9  2484
   10  2628  1379     1    10  2485
   11  2314  1457     1    11  2486
   12  1874  1505     1    12  2487
   13  1706  1491     1    13  2488
   14  1500  1467     1    14  2489
   15  1240  1427     1    15  2490
   16  1268  1295     1    16  2491
   17  1422  1289     1    17  2492
   18  1750  1311     1    18  2493
