point     x     y slice color    ID
    0  1098  1369     1     0  2399
    1  1242  1289     1     1  2400
    2  1394  1227     1     2  2401
    3  1696  1137     1     3  2402
    4  1900  1143     1     4  2403
    5  2168  1175     1     5  2404
    6  2582  1299     1     6  2405
    7  2712  1331     1     7  2406
    8  2756  1349     1     8  2407
    9  2706  1389     1     9  2408
   10  2580  1387     1    10  2409
   11  2278  1487     1    11  2410
   12  1840  1527     1    12  2411
   13  1678  1523     1    13  2412
   14  1420  1499     1    14  2413
   15  1194  1467     1    15  2414
   16  1248  1343     1    16  2415
   17  1402  1331     1    17  2416
   18  1698  1337     1    18  2417
