point     x     y slice color    ID
    0   885  1503     1     0    20
    1  1047  1411     1     1    21
    2  1219  1353     1     2    22
    3  1639  1243     1     3    23
    4  1931  1217     1     4    24
    5  2351  1237     1     5    25
    6  2849  1339     1     6    26
    7  3037  1343     1     7    27
    8  3111  1363     1     8    28
    9  3049  1429     1     9    29
   10  2877  1471     1    10    30
   11  2547  1645     1    11    31
   12  1859  1787     1    12    32
   13  1627  1769     1    13    33
   14  1261  1689     1    14    34
   15  1003  1641     1    15    35
   16  1047  1475     1    16    36
   17  1221  1467     1    17    37
   18  1625  1481     1    18    38
