point     x     y slice color    ID
    0   724  1409     1     0  2361
    1   872  1333     1     1  2362
    2  1030  1287     1     2  2363
    3  1360  1225     1     3  2364
    4  1582  1225     1     4  2365
    5  1874  1251     1     5  2366
    6  2288  1353     1     6  2367
    7  2390  1363     1     7  2368
    8  2456  1395     1     8  2369
    9  2406  1431     1     9  2370
   10  2294  1455     1    10  2371
   11  1982  1561     1    11  2372
   12  1492  1611     1    12  2373
   13  1354  1595     1    13  2374
   14  1098  1565     1    14  2375
   15   836  1521     1    15  2376
   16   868  1397     1    16  2377
   17  1026  1391     1    17  2378
   18  1388  1421     1    18  2379
