point     x     y slice color    ID
    0  1048  1341     1     0    20
    1  1186  1302     1     1    21
    2  1318  1269     1     2    22
    3  1612  1215     1     3    23
    4  1789  1194     1     4    24
    5  2056  1206     1     5    25
    6  2425  1338     1     6    26
    7  2545  1371     1     7    27
    8  2581  1413     1     8    28
    9  2524  1434     1     9    29
   10  2404  1416     1    10    30
   11  2158  1476     1    11    31
   12  1756  1548     1    12    32
   13  1621  1545     1    13    33
   14  1378  1530     1    14    34
   15  1141  1482     1    15    35
   16  1189  1365     1    16    36
   17  1336  1362     1    17    37
   18  1630  1377     1    18    38
