point     x     y slice color    ID
    0  1222  1290     1     0  1330
    1  1357  1221     1     1  1331
    2  1504  1188     1     2  1332
    3  1834  1134     1     3  1333
    4  2017  1122     1     4  1334
    5  2299  1125     1     5  1335
    6  2698  1239     1     6  1336
    7  2785  1269     1     7  1337
    8  2860  1296     1     8  1338
    9  2803  1323     1     9  1339
   10  2701  1332     1    10  1340
   11  2437  1425     1    11  1341
   12  1966  1509     1    12  1342
   13  1816  1485     1    13  1343
   14  1540  1446     1    14  1344
   15  1303  1395     1    15  1345
   16  1357  1278     1    16  1346
   17  1492  1275     1    17  1347
   18  1798  1299     1    18  1348
