point     x     y slice color    ID
    0   886  1429     1     0  2228
    1  1010  1343     1     1  2229
    2  1146  1281     1     2  2230
    3  1466  1187     1     3  2231
    4  1672  1169     1     4  2232
    5  1982  1181     1     5  2233
    6  2400  1291     1     6  2234
    7  2542  1311     1     7  2235
    8  2614  1343     1     8  2236
    9  2544  1373     1     9  2237
   10  2418  1387     1    10  2238
   11  2108  1497     1    11  2239
   12  1628  1565     1    12  2240
   13  1444  1571     1    13  2241
   14  1218  1535     1    14  2242
   15   976  1517     1    15  2243
   16  1008  1389     1    16  2244
   17  1146  1373     1    17  2245
   18  1466  1371     1    18  2246
