point     x     y slice color    ID
    0  1200  1347     1     0  2096
    1  1356  1257     1     1  2097
    2  1514  1211     1     2  2098
    3  1798  1147     1     3  2099
    4  1990  1145     1     4  2100
    5  2266  1151     1     5  2101
    6  2636  1249     1     6  2102
    7  2756  1245     1     7  2103
    8  2804  1259     1     8  2104
    9  2762  1303     1     9  2105
   10  2642  1337     1    10  2106
   11  2372  1467     1    11  2107
   12  1958  1505     1    12  2108
   13  1786  1497     1    13  2109
   14  1570  1485     1    14  2110
   15  1314  1449     1    15  2111
   16  1350  1303     1    16  2112
   17  1502  1309     1    17  2113
   18  1824  1303     1    18  2114
