point     x     y slice color    ID
    0  1209  1248     1     0  2627
    1  1303  1186     1     1  2628
    2  1447  1146     1     2  2629
    3  1715  1082     1     3  2630
    4  1881  1076     1     4  2631
    5  2167  1096     1     5  2632
    6  2457  1160     1     6  2633
    7  2585  1160     1     7  2634
    8  2649  1168     1     8  2635
    9  2597  1206     1     9  2636
   10  2493  1248     1    10  2637
   11  2265  1344     1    11  2638
   12  1859  1416     1    12  2639
   13  1695  1392     1    13  2640
   14  1487  1360     1    14  2641
   15  1283  1338     1    15  2642
   16  1301  1224     1    16  2643
   17  1445  1220     1    17  2644
   18  1689  1222     1    18  2645
