point     x     y slice color    ID
    0  1117  1244     1     0  2798
    1  1247  1184     1     1  2799
    2  1415  1136     1     2  2800
    3  1691  1080     1     3  2801
    4  1855  1090     1     4  2802
    5  2123  1128     1     5  2803
    6  2437  1214     1     6  2804
    7  2533  1226     1     7  2805
    8  2589  1244     1     8  2806
    9  2533  1278     1     9  2807
   10  2461  1296     1    10  2808
   11  2205  1392     1    11  2809
   12  1797  1430     1    12  2810
   13  1659  1418     1    13  2811
   14  1421  1388     1    14  2812
   15  1195  1352     1    15  2813
   16  1253  1244     1    16  2814
   17  1405  1244     1    17  2815
   18  1669  1256     1    18  2816
