point     x     y slice color    ID
    0   818  1315     1     0  1736
    1   966  1233     1     1  1737
    2  1122  1171     1     2  1738
    3  1522  1083     1     3  1739
    4  1778  1079     1     4  1740
    5  2134  1105     1     5  1741
    6  2664  1211     1     6  1742
    7  2794  1209     1     7  1743
    8  2866  1247     1     8  1744
    9  2814  1285     1     9  1745
   10  2656  1329     1    10  1746
   11  2322  1459     1    11  1747
   12  1704  1531     1    12  1748
   13  1510  1521     1    13  1749
   14  1206  1483     1    14  1750
   15   928  1435     1    15  1751
   16   960  1293     1    16  1752
   17  1126  1297     1    17  1753
   18  1502  1323     1    18  1754
