point     x     y slice color    ID
    0  1036  1506     1     0   457
    1  1183  1404     1     1   458
    2  1345  1347     1     2   459
    3  1720  1248     1     3   460
    4  1984  1239     1     4   461
    5  2350  1260     1     5   462
    6  2854  1365     1     6   463
    7  2971  1353     1     7   464
    8  3049  1377     1     8   465
    9  3001  1434     1     9   466
   10  2872  1452     1    10   467
   11  2515  1617     1    11   468
   12  1918  1719     1    12   469
   13  1693  1695     1    13   470
   14  1408  1635     1    14   471
   15  1156  1605     1    15   472
   16  1189  1455     1    16   473
   17  1354  1443     1    17   474
   18  1723  1446     1    18   475
