point     x     y slice color    ID
    0  1154  1375     1     0  2380
    1  1280  1271     1     1  2381
    2  1422  1205     1     2  2382
    3  1726  1097     1     3  2383
    4  1954  1069     1     4  2384
    5  2266  1083     1     5  2385
    6  2710  1179     1     6  2386
    7  2866  1209     1     7  2387
    8  2916  1245     1     8  2388
    9  2858  1273     1     9  2389
   10  2744  1287     1    10  2390
   11  2464  1407     1    11  2391
   12  1940  1489     1    12  2392
   13  1718  1497     1    13  2393
   14  1490  1463     1    14  2394
   15  1258  1461     1    15  2395
   16  1278  1331     1    16  2396
   17  1436  1321     1    17  2397
   18  1750  1291     1    18  2398
