point     x     y slice color    ID
    0  1078  1447     1     0  1850
    1  1254  1347     1     1  1851
    2  1408  1299     1     2  1852
    3  1828  1195     1     3  1853
    4  2112  1185     1     4  1854
    5  2516  1213     1     5  1855
    6  3056  1345     1     6  1856
    7  3220  1399     1     7  1857
    8  3292  1455     1     8  1858
    9  3210  1477     1     9  1859
   10  3058  1469     1    10  1860
   11  2682  1607     1    11  1861
   12  2020  1689     1    12  1862
   13  1814  1677     1    13  1863
   14  1512  1639     1    14  1864
   15  1196  1581     1    15  1865
   16  1248  1419     1    16  1866
   17  1430  1411     1    17  1867
   18  1832  1427     1    18  1868
