point     x     y slice color    ID
    0  1216  1392     1     0   533
    1  1342  1317     1     1   534
    2  1477  1263     1     2   535
    3  1771  1179     1     3   536
    4  1975  1161     1     4   537
    5  2248  1173     1     5   538
    6  2620  1275     1     6   539
    7  2752  1299     1     7   540
    8  2791  1329     1     8   541
    9  2740  1353     1     9   542
   10  2641  1365     1    10   543
   11  2383  1461     1    11   544
   12  1912  1539     1    12   545
   13  1771  1527     1    13   546
   14  1579  1509     1    14   547
   15  1312  1491     1    15   548
   16  1336  1365     1    16   549
   17  1483  1365     1    17   550
   18  1771  1359     1    18   551
