point     x     y slice color    ID
    0  1015  1317     1     0   723
    1  1150  1248     1     1   724
    2  1291  1218     1     2   725
    3  1639  1140     1     3   726
    4  1843  1149     1     4   727
    5  2119  1167     1     5   728
    6  2494  1278     1     6   729
    7  2656  1293     1     7   730
    8  2722  1308     1     8   731
    9  2683  1344     1     9   732
   10  2554  1365     1    10   733
   11  2236  1491     1    11   734
   12  1780  1533     1    12   735
   13  1600  1527     1    13   736
   14  1360  1479     1    14   737
   15  1111  1428     1    15   738
   16  1156  1320     1    16   739
   17  1312  1323     1    17   740
   18  1624  1356     1    18   741
