point     x     y slice color    ID
    0  1249  1186     1     0   665
    1  1387  1134     1     1   666
    2  1513  1090     1     2   667
    3  1825  1020     1     3   668
    4  2011  1030     1     4   669
    5  2305  1038     1     5   670
    6  2763  1182     1     6   671
    7  2895  1206     1     7   672
    8  2959  1240     1     8   673
    9  2903  1266     1     9   674
   10  2737  1276     1    10   675
   11  2459  1376     1    11   676
   12  1985  1432     1    12   677
   13  1817  1424     1    13   678
   14  1561  1356     1    14   679
   15  1329  1308     1    15   680
   16  1379  1190     1    16   681
   17  1527  1206     1    17   682
   18  1835  1250     1    18   683
