point     x     y slice color    ID
    0  1115  1395     1     0    58
    1  1257  1317     1     1    59
    2  1399  1261     1     2    60
    3  1713  1167     1     3    61
    4  1939  1157     1     4    62
    5  2237  1179     1     5    63
    6  2659  1295     1     6    64
    7  2773  1325     1     7    65
    8  2825  1369     1     8    66
    9  2765  1389     1     9    67
   10  2641  1383     1    10    68
   11  2355  1473     1    11    69
   12  1871  1559     1    12    70
   13  1717  1545     1    13    71
   14  1461  1529     1    14    72
   15  1205  1489     1    15    73
   16  1253  1377     1    16    74
   17  1407  1379     1    17    75
   18  1727  1375     1    18    76
