point     x     y slice color    ID
    0  1242  1281     1     0  2285
    1  1354  1197     1     1  2286
    2  1500  1149     1     2  2287
    3  1810  1047     1     3  2288
    4  2038  1053     1     4  2289
    5  2328  1103     1     5  2290
    6  2656  1257     1     6  2291
    7  2808  1315     1     7  2292
    8  2864  1357     1     8  2293
    9  2804  1369     1     9  2294
   10  2668  1353     1    10  2295
   11  2406  1411     1    11  2296
   12  1952  1421     1    12  2297
   13  1806  1411     1    13  2298
   14  1562  1385     1    14  2299
   15  1334  1371     1    15  2300
   16  1360  1249     1    16  2301
   17  1498  1253     1    17  2302
   18  1790  1229     1    18  2303
