point     x     y slice color    ID
    0   916  1383     1     0  1141
    1  1114  1323     1     1  1142
    2  1288  1284     1     2  1143
    3  1759  1209     1     3  1144
    4  2047  1203     1     4  1145
    5  2407  1200     1     5  1146
    6  2971  1281     1     6  1147
    7  3163  1272     1     7  1148
    8  3241  1287     1     8  1149
    9  3172  1347     1     9  1150
   10  2992  1410     1    10  1151
   11  2632  1611     1    11  1152
   12  1930  1734     1    12  1153
   13  1735  1725     1    13  1154
   14  1372  1668     1    14  1155
   15  1099  1608     1    15  1156
   16  1111  1395     1    16  1157
   17  1297  1404     1    17  1158
   18  1762  1470     1    18  1159
