point     x     y slice color    ID
    0  1001  1403     1     0   324
    1  1143  1345     1     1   325
    2  1299  1293     1     2   326
    3  1683  1207     1     3   327
    4  1915  1211     1     4   328
    5  2303  1243     1     5   329
    6  2723  1335     1     6   330
    7  2843  1337     1     7   331
    8  2907  1373     1     8   332
    9  2863  1411     1     9   333
   10  2733  1435     1    10   334
   11  2423  1561     1    11   335
   12  1839  1641     1    12   336
   13  1629  1631     1    13   337
   14  1351  1575     1    14   338
   15  1089  1513     1    15   339
   16  1155  1391     1    16   340
   17  1305  1403     1    17   341
   18  1659  1443     1    18   342
