point     x     y slice color    ID
    0   874  1317     1     0  2551
    1  1020  1223     1     1  2552
    2  1148  1171     1     2  2553
    3  1470  1071     1     3  2554
    4  1708  1063     1     4  2555
    5  2006  1075     1     5  2556
    6  2440  1201     1     6  2557
    7  2532  1229     1     7  2558
    8  2616  1281     1     8  2559
    9  2538  1297     1     9  2560
   10  2414  1305     1    10  2561
   11  2124  1385     1    11  2562
   12  1654  1441     1    12  2563
   13  1464  1455     1    13  2564
   14  1290  1443     1    14  2565
   15   990  1423     1    15  2566
   16  1012  1297     1    16  2567
   17  1158  1293     1    17  2568
   18  1494  1277     1    18  2569
