point     x     y slice color    ID
    0  1228  1325     1     0  1565
    1  1348  1259     1     1  1566
    2  1490  1211     1     2  1567
    3  1806  1139     1     3  1568
    4  2006  1147     1     4  1569
    5  2282  1171     1     5  1570
    6  2502  1251     1     6  1571
    7  2742  1321     1     7  1572
    8  2786  1361     1     8  1573
    9  2732  1395     1     9  1574
   10  2638  1395     1    10  1575
   11  2344  1477     1    11  1576
   12  1952  1511     1    12  1577
   13  1786  1501     1    13  1578
   14  1554  1479     1    14  1579
   15  1328  1439     1    15  1580
   16  1350  1307     1    16  1581
   17  1490  1305     1    17  1582
   18  1802  1305     1    18  1583
