point     x     y slice color    ID
    0  1261  1275     1     0  1318
    1  1393  1194     1     1  1319
    2  1558  1146     1     2  1320
    3  1852  1077     1     3  1321
    4  2038  1077     1     4  1322
    5  2380  1110     1     5  1323
    6  2728  1215     1     6  1324
    7  2890  1263     1     7  1325
    8  2932  1299     1     8  1326
    9  2875  1317     1     9  1327
   10  2737  1320     1    10  1328
   11  2479  1407     1    11  1329
   12  2011  1452     1    12  1330
   13  1837  1434     1    13  1331
   14  1603  1410     1    14  1332
   15  1357  1371     1    15  1333
   16  1402  1245     1    16  1334
   17  1555  1251     1    17  1335
   18  1873  1248     1    18  1336
