point     x     y slice color    ID
    0  1126  1413     1     0  2077
    1  1260  1335     1     1  2078
    2  1408  1281     1     2  2079
    3  1768  1195     1     3  2080
    4  1960  1195     1     4  2081
    5  2306  1221     1     5  2082
    6  2728  1327     1     6  2083
    7  2874  1329     1     7  2084
    8  2946  1343     1     8  2085
    9  2874  1393     1     9  2086
   10  2734  1415     1    10  2087
   11  2436  1541     1    11  2088
   12  1920  1615     1    12  2089
   13  1750  1609     1    13  2090
   14  1470  1563     1    14  2091
   15  1224  1527     1    15  2092
   16  1262  1395     1    16  2093
   17  1412  1395     1    17  2094
   18  1756  1405     1    18  2095
