point     x     y slice color    ID
    0   955  1407     1     0   134
    1  1105  1332     1     1   135
    2  1261  1287     1     2   136
    3  1528  1242     1     3   137
    4  1711  1248     1     4   138
    5  1978  1257     1     5   139
    6  2338  1344     1     6   140
    7  2467  1350     1     7   141
    8  2503  1377     1     8   142
    9  2458  1410     1     9   143
   10  2350  1443     1    10   144
   11  2080  1545     1    11   145
   12  1651  1626     1    12   146
   13  1492  1611     1    13   147
   14  1273  1557     1    14   148
   15  1045  1500     1    15   149
   16  1108  1386     1    16   150
   17  1255  1395     1    17   151
   18  1519  1431     1    18   152
