point     x     y slice color    ID
    0   949  1508     1     0   627
    1  1091  1430     1     1   628
    2  1229  1376     1     2   629
    3  1547  1328     1     3   630
    4  1745  1324     1     4   631
    5  1993  1342     1     5   632
    6  2379  1440     1     6   633
    7  2481  1478     1     7   634
    8  2551  1522     1     8   635
    9  2497  1544     1     9   636
   10  2393  1540     1    10   637
   11  2101  1630     1    11   638
   12  1687  1684     1    12   639
   13  1529  1672     1    13   640
   14  1313  1640     1    14   641
   15  1057  1608     1    15   642
   16  1089  1484     1    16   643
   17  1237  1496     1    17   644
   18  1529  1498     1    18   645
