point     x     y slice color    ID
    0  1312  1309     1     0  1337
    1  1454  1237     1     1  1338
    2  1598  1187     1     2  1339
    3  1886  1117     1     3  1340
    4  2080  1115     1     4  1341
    5  2302  1125     1     5  1342
    6  2666  1217     1     6  1343
    7  2788  1233     1     7  1344
    8  2822  1267     1     8  1345
    9  2780  1293     1     9  1346
   10  2666  1307     1    10  1347
   11  2416  1399     1    11  1348
   12  2020  1469     1    12  1349
   13  1862  1459     1    13  1350
   14  1652  1443     1    14  1351
   15  1408  1409     1    15  1352
   16  1458  1291     1    16  1353
   17  1600  1291     1    17  1354
   18  1902  1303     1    18  1355
