point     x     y slice color    ID
    0  1126  1449     1     0   381
    1  1258  1374     1     1   382
    2  1417  1323     1     2   383
    3  1729  1251     1     3   384
    4  1945  1260     1     4   385
    5  2245  1281     1     5   386
    6  2611  1419     1     6   387
    7  2719  1455     1     7   388
    8  2779  1506     1     8   389
    9  2725  1524     1     9   390
   10  2599  1494     1    10   391
   11  2362  1593     1    11   392
   12  1891  1659     1    12   393
   13  1735  1641     1    13   394
   14  1462  1593     1    14   395
   15  1222  1557     1    15   396
   16  1255  1425     1    16   397
   17  1423  1419     1    17   398
   18  1738  1440     1    18   399
