point     x     y slice color    ID
    0   929  1504     1     0   457
    1  1109  1380     1     1   458
    2  1281  1330     1     2   459
    3  1633  1248     1     3   460
    4  1865  1238     1     4   461
    5  2215  1252     1     5   462
    6  2673  1370     1     6   463
    7  2885  1432     1     7   464
    8  2921  1478     1     8   465
    9  2847  1510     1     9   466
   10  2723  1508     1    10   467
   11  2401  1638     1    11   468
   12  1791  1740     1    12   469
   13  1311  1656     1    13   470
   14  1043  1608     1    14   471
   15  1109  1462     1    15   472
   16  1283  1468     1    16   473
   17  1637  1478     1    17   474
