point     x     y slice color    ID
    0  1006  1213     1     0  2266
    1  1150  1165     1     1  2267
    2  1296  1127     1     2  2268
    3  1608  1059     1     3  2269
    4  1796  1053     1     4  2270
    5  2084  1075     1     5  2271
    6  2482  1137     1     6  2272
    7  2594  1133     1     7  2273
    8  2684  1149     1     8  2274
    9  2646  1181     1     9  2275
   10  2496  1219     1    10  2276
   11  2248  1385     1    11  2277
   12  1774  1473     1    12  2278
   13  1592  1463     1    13  2279
   14  1336  1403     1    14  2280
   15  1090  1333     1    15  2281
   16  1148  1229     1    16  2282
   17  1304  1223     1    17  2283
   18  1606  1251     1    18  2284
