point     x     y slice color    ID
    0  1105  1287     1     0  1198
    1  1225  1233     1     1  1199
    2  1357  1200     1     2  1200
    3  1675  1152     1     3  1201
    4  1873  1137     1     4  1202
    5  2155  1152     1     5  1203
    6  2530  1275     1     6  1204
    7  2689  1308     1     7  1205
    8  2728  1344     1     8  1206
    9  2680  1362     1     9  1207
   10  2545  1350     1    10  1208
   11  2254  1428     1    11  1209
   12  1807  1506     1    12  1210
   13  1654  1488     1    13  1211
   14  1408  1452     1    14  1212
   15  1177  1383     1    15  1213
   16  1222  1281     1    16  1214
   17  1354  1293     1    17  1215
   18  1669  1329     1    18  1216
