point     x     y slice color    ID
    0   908  1304     1     0   362
    1  1082  1202     1     1   363
    2  1256  1145     1     2   364
    3  1604  1058     1     3   365
    4  1832  1034     1     4   366
    5  2192  1034     1     5   367
    6  2729  1208     1     6   368
    7  2876  1241     1     7   369
    8  2948  1286     1     8   370
    9  2879  1316     1     9   371
   10  2735  1307     1    10   372
   11  2387  1418     1    11   373
   12  1811  1532     1    12   374
   13  1562  1511     1    13   375
   14  1319  1469     1    14   376
   15  1025  1421     1    15   377
   16  1094  1265     1    16   378
   17  1253  1259     1    17   379
   18  1631  1286     1    18   380
