point     x     y slice color    ID
    0  1036  1423     1     0  1527
    1  1166  1345     1     1  1528
    2  1314  1285     1     2  1529
    3  1630  1191     1     3  1530
    4  1808  1175     1     4  1531
    5  2140  1191     1     5  1532
    6  2492  1305     1     6  1533
    7  2616  1351     1     7  1534
    8  2652  1391     1     8  1535
    9  2598  1415     1     9  1536
   10  2520  1411     1    10  1537
   11  2260  1531     1    11  1538
   12  1772  1611     1    12  1539
   13  1610  1593     1    13  1540
   14  1372  1561     1    14  1541
   15  1134  1525     1    15  1542
   16  1176  1395     1    16  1543
   17  1320  1389     1    17  1544
   18  1642  1385     1    18  1545
