point     x     y slice color    ID
    0  1151  1173     1     0   153
    1  1291  1149     1     1   154
    2  1437  1133     1     2   155
    3  1731  1115     1     3   156
    4  1923  1111     1     4   157
    5  2239  1129     1     5   158
    6  2583  1177     1     6   159
    7  2691  1187     1     7   160
    8  2753  1211     1     8   161
    9  2705  1245     1     9   162
   10  2601  1263     1    10   163
   11  2375  1387     1    11   164
   12  1905  1495     1    12   165
   13  1717  1469     1    13   166
   14  1489  1445     1    14   167
   15  1239  1305     1    15   168
   16  1287  1203     1    16   169
   17  1433  1211     1    17   170
   18  1753  1287     1    18   171
