point     x     y slice color    ID
    0  1082  1341     1     0  1907
    1  1206  1277     1     1  1908
    2  1352  1237     1     2  1909
    3  1684  1165     1     3  1910
    4  1906  1151     1     4  1911
    5  2214  1169     1     5  1912
    6  2610  1267     1     6  1913
    7  2800  1255     1     7  1914
    8  2862  1273     1     8  1915
    9  2818  1315     1     9  1916
   10  2656  1359     1    10  1917
   11  2382  1481     1    11  1918
   12  1828  1565     1    12  1919
   13  1662  1551     1    13  1920
   14  1398  1501     1    14  1921
   15  1176  1449     1    15  1922
   16  1208  1331     1    16  1923
   17  1342  1339     1    17  1924
   18  1660  1365     1    18  1925
