point     x     y slice color    ID
    0  1326  1487     1     0  2058
    1  1488  1395     1     1  2059
    2  1628  1329     1     2  2060
    3  1996  1225     1     3  2061
    4  2230  1211     1     4  2062
    5  2604  1227     1     5  2063
    6  3084  1403     1     6  2064
    7  3210  1429     1     7  2065
    8  3266  1475     1     8  2066
    9  3192  1503     1     9  2067
   10  3058  1497     1    10  2068
   11  2716  1583     1    11  2069
   12  2178  1671     1    12  2070
   13  1998  1669     1    13  2071
   14  1706  1635     1    14  2072
   15  1448  1599     1    15  2073
   16  1486  1457     1    16  2074
   17  1636  1459     1    17  2075
   18  2004  1453     1    18  2076
