point     x     y slice color    ID
    0  1268  1319     1     0  1641
    1  1404  1245     1     1  1642
    2  1552  1197     1     2  1643
    3  1870  1131     1     3  1644
    4  2082  1121     1     4  1645
    5  2362  1135     1     5  1646
    6  2784  1253     1     6  1647
    7  2916  1287     1     7  1648
    8  2964  1323     1     8  1649
    9  2896  1353     1     9  1650
   10  2800  1357     1    10  1651
   11  2514  1461     1    11  1652
   12  2030  1533     1    12  1653
   13  1868  1515     1    13  1654
   14  1600  1475     1    14  1655
   15  1368  1427     1    15  1656
   16  1402  1311     1    16  1657
   17  1554  1315     1    17  1658
   18  1860  1337     1    18  1659
