point     x     y slice color    ID
    0  1000  1275     1     0   248
    1  1150  1236     1     1   249
    2  1303  1230     1     2   250
    3  1600  1200     1     3   251
    4  1765  1194     1     4   252
    5  2053  1200     1     5   253
    6  2443  1299     1     6   254
    7  2551  1326     1     7   255
    8  2605  1359     1     8   256
    9  2533  1383     1     9   257
   10  2437  1386     1    10   258
   11  2110  1482     1    11   259
   12  1741  1548     1    12   260
   13  1573  1533     1    13   261
   14  1366  1506     1    14   262
   15  1135  1443     1    15   263
   16  1159  1293     1    16   264
   17  1297  1305     1    17   265
   18  1609  1365     1    18   266
