point     x     y slice color    ID
    0  1135  1398     1     0   760
    1  1283  1296     1     1   761
    2  1441  1236     1     2   762
    3  1781  1156     1     3   763
    4  2011  1152     1     4   764
    5  2377  1162     1     5   765
    6  2823  1328     1     6   766
    7  2953  1378     1     7   767
    8  3001  1414     1     8   768
    9  2943  1436     1     9   769
   10  2823  1432     1    10   770
   11  2519  1500     1    11   771
   12  1941  1616     1    12   772
   13  1753  1584     1    13   773
   14  1473  1530     1    14   774
   15  1229  1498     1    15   775
   16  1277  1370     1    16   776
   17  1441  1380     1    17   777
   18  1779  1398     1    18   778
