point     x     y slice color    ID
    0  1069  1333     1     0    39
    1  1193  1279     1     1    40
    2  1335  1247     1     2    41
    3  1679  1179     1     3    42
    4  1929  1173     1     4    43
    5  2235  1175     1     5    44
    6  2677  1295     1     6    45
    7  2815  1313     1     7    46
    8  2889  1347     1     8    47
    9  2807  1377     1     9    48
   10  2669  1397     1    10    49
   11  2363  1503     1    11    50
   12  1827  1573     1    12    51
   13  1667  1559     1    13    52
   14  1387  1519     1    14    53
   15  1141  1457     1    15    54
   16  1187  1333     1    16    55
   17  1327  1339     1    17    56
   18  1661  1377     1    18    57
