point     x     y slice color    ID
    0  1423  1341     1     0   856
    1  1564  1263     1     1   857
    2  1720  1224     1     2   858
    3  1993  1164     1     3   859
    4  2185  1161     1     4   860
    5  2497  1185     1     5   861
    6  2863  1308     1     6   862
    7  2983  1323     1     7   863
    8  3049  1347     1     8   864
    9  2980  1392     1     9   865
   10  2869  1407     1    10   866
   11  2569  1500     1    11   867
   12  2143  1536     1    12   868
   13  1975  1515     1    13   869
   14  1756  1494     1    14   870
   15  1528  1449     1    15   871
   16  1567  1326     1    16   872
   17  1723  1326     1    17   873
   18  2020  1332     1    18   874
