point     x     y slice color    ID
    0  1353  1362     1     0   400
    1  1497  1270     1     1   401
    2  1657  1214     1     2   402
    3  1947  1118     1     3   403
    4  2135  1102     1     4   404
    5  2467  1108     1     5   405
    6  2865  1260     1     6   406
    7  3023  1330     1     7   407
    8  3087  1368     1     8   408
    9  3017  1384     1     9   409
   10  2855  1366     1    10   410
   11  2597  1426     1    11   411
   12  2149  1512     1    12   412
   13  1925  1520     1    13   413
   14  1685  1492     1    14   414
   15  1451  1462     1    15   415
   16  1495  1332     1    16   416
   17  1665  1328     1    17   417
   18  1957  1306     1    18   418
