point     x     y slice color    ID
    0  1237  1550     1     0   381
    1  1359  1492     1     1   382
    2  1503  1438     1     2   383
    3  1767  1386     1     3   384
    4  1975  1378     1     4   385
    5  2229  1410     1     5   386
    6  2563  1540     1     6   387
    7  2707  1608     1     7   388
    8  2749  1650     1     8   389
    9  2693  1654     1     9   390
   10  2585  1632     1    10   391
   11  2329  1674     1    11   392
   12  1915  1700     1    12   393
   13  1755  1690     1    13   394
   14  1543  1680     1    14   395
   15  1323  1642     1    15   396
   16  1357  1528     1    16   397
   17  1499  1540     1    17   398
   18  1785  1536     1    18   399
