point     x     y slice color    ID
    0   923  1504     1     0   419
    1  1037  1420     1     1   420
    2  1177  1366     1     2   421
    3  1503  1284     1     3   422
    4  1703  1264     1     4   423
    5  2017  1278     1     5   424
    6  2409  1384     1     6   425
    7  2551  1432     1     7   426
    8  2599  1468     1     8   427
    9  2547  1490     1     9   428
   10  2397  1486     1    10   429
   11  2117  1574     1    11   430
   12  1653  1650     1    12   431
   13  1495  1646     1    13   432
   14  1255  1624     1    14   433
   15  1007  1594     1    15   434
   16  1045  1472     1    16   435
   17  1185  1462     1    17   436
   18  1491  1456     1    18   437
