point     x     y slice color    ID
    0  1082  1595     1     0  1963
    1  1238  1503     1     1  1964
    2  1404  1449     1     2  1965
    3  1754  1367     1     3  1966
    4  1998  1355     1     4  1967
    5  2350  1373     1     5  1968
    6  2762  1493     1     6  1969
    7  3002  1519     1     7  1970
    8  3052  1553     1     8  1971
    9  2986  1597     1     9  1972
   10  2830  1621     1    10  1973
   11  2556  1725     1    11  1974
   12  1942  1825     1    12  1975
   13  1744  1801     1    13  1976
   14  1432  1745     1    14  1977
   15  1192  1709     1    15  1978
   16  1242  1557     1    16  1979
   17  1404  1553     1    17  1980
   18  1754  1565     1    18  1981
