point     x     y slice color    ID
    0  1356  1269     1     0  1432
    1  1482  1205     1     1  1433
    2  1622  1153     1     2  1434
    3  1838  1083     1     3  1435
    4  2018  1063     1     4  1436
    5  2258  1079     1     5  1437
    6  2564  1155     1     6  1438
    7  2684  1181     1     7  1439
    8  2718  1211     1     8  1440
    9  2690  1233     1     9  1441
   10  2574  1241     1    10  1442
   11  2340  1311     1    11  1443
   12  1994  1395     1    12  1444
   13  1840  1393     1    13  1445
   14  1656  1387     1    14  1446
   15  1446  1357     1    15  1447
   16  1486  1251     1    16  1448
   17  1630  1247     1    17  1449
   18  1890  1233     1    18  1450
