point     x     y slice color    ID
    0  1089  1336     1     0   570
    1  1257  1250     1     1   571
    2  1419  1200     1     2   572
    3  1767  1144     1     3   573
    4  1993  1152     1     4   574
    5  2321  1180     1     5   575
    6  2751  1314     1     6   576
    7  2903  1342     1     7   577
    8  2969  1382     1     8   578
    9  2913  1418     1     9   579
   10  2797  1420     1    10   580
   11  2443  1510     1    11   581
   12  1899  1568     1    12   582
   13  1735  1544     1    13   583
   14  1441  1492     1    14   584
   15  1191  1442     1    15   585
   16  1257  1316     1    16   586
   17  1419  1310     1    17   587
   18  1753  1332     1    18   588
