point     x     y slice color    ID
    0   810  1389     1     0  2039
    1  1036  1231     1     1  2040
    2  1216  1165     1     2  2041
    3  1708  1077     1     3  2042
    4  2024  1089     1     4  2043
    5  2442  1115     1     5  2044
    6  3094  1277     1     6  2045
    7  3258  1301     1     7  2046
    8  3368  1339     1     8  2047
    9  3276  1405     1     9  2048
   10  3078  1445     1    10  2049
   11  2644  1609     1    11  2050
   12  1938  1667     1    12  2051
   13  1698  1661     1    13  2052
   14  1308  1621     1    14  2053
   15   974  1549     1    15  2054
   16  1032  1337     1    16  2055
   17  1216  1337     1    17  2056
   18  1706  1403     1    18  2057
