point     x     y slice color    ID
    0  1133  1382     1     0  2722
    1  1269  1292     1     1  2723
    2  1413  1230     1     2  2724
    3  1759  1114     1     3  2725
    4  1989  1102     1     4  2726
    5  2329  1130     1     5  2727
    6  2797  1260     1     6  2728
    7  2945  1290     1     7  2729
    8  3003  1330     1     8  2730
    9  2939  1362     1     9  2731
   10  2801  1358     1    10  2732
   11  2501  1460     1    11  2733
   12  1921  1544     1    12  2734
   13  1737  1526     1    13  2735
   14  1475  1502     1    14  2736
   15  1237  1488     1    15  2737
   16  1269  1346     1    16  2738
   17  1423  1338     1    17  2739
   18  1761  1330     1    18  2740
