point     x     y slice color    ID
    0  1186  1332     1     0  1160
    1  1345  1266     1     1  1161
    2  1507  1236     1     2  1162
    3  1810  1185     1     3  1163
    4  2014  1185     1     4  1164
    5  2242  1215     1     5  1165
    6  2644  1326     1     6  1166
    7  2782  1332     1     7  1167
    8  2842  1362     1     8  1168
    9  2803  1392     1     9  1169
   10  2656  1422     1    10  1170
   11  2374  1494     1    11  1171
   12  1936  1551     1    12  1172
   13  1798  1536     1    13  1173
   14  1543  1506     1    14  1174
   15  1279  1449     1    15  1175
   16  1339  1317     1    16  1176
   17  1501  1323     1    17  1177
   18  1798  1350     1    18  1178
