point     x     y slice color    ID
    0  1036  1314     1     0   951
    1  1183  1248     1     1   952
    2  1327  1212     1     2   953
    3  1672  1170     1     3   954
    4  1909  1173     1     4   955
    5  2281  1191     1     5   956
    6  2707  1332     1     6   957
    7  2854  1353     1     7   958
    8  2926  1383     1     8   959
    9  2851  1425     1     9   960
   10  2704  1437     1    10   961
   11  2380  1557     1    11   962
   12  1816  1602     1    12   963
   13  1642  1572     1    13   964
   14  1378  1515     1    14   965
   15  1126  1431     1    15   966
   16  1180  1314     1    16   967
   17  1324  1317     1    17   968
   18  1651  1380     1    18   969
