point     x     y slice color    ID
    0   992  1459     1     0  1698
    1  1154  1367     1     1  1699
    2  1316  1307     1     2  1700
    3  1680  1205     1     3  1701
    4  1922  1199     1     4  1702
    5  2280  1213     1     5  1703
    6  2742  1379     1     6  1704
    7  2904  1439     1     7  1705
    8  2960  1485     1     8  1706
    9  2880  1507     1     9  1707
   10  2742  1495     1    10  1708
   11  2450  1587     1    11  1709
   12  1834  1657     1    12  1710
   13  1660  1647     1    13  1711
   14  1356  1601     1    14  1712
   15  1104  1565     1    15  1713
   16  1152  1425     1    16  1714
   17  1324  1419     1    17  1715
   18  1668  1425     1    18  1716
