point     x     y slice color    ID
    0  1243  1458     1     0  2760
    1  1403  1372     1     1  2761
    2  1557  1326     1     2  2762
    3  1869  1250     1     3  2763
    4  2079  1256     1     4  2764
    5  2339  1280     1     5  2765
    6  2733  1392     1     6  2766
    7  2855  1406     1     7  2767
    8  2913  1436     1     8  2768
    9  2859  1476     1     9  2769
   10  2743  1496     1    10  2770
   11  2429  1596     1    11  2771
   12  2007  1634     1    12  2772
   13  1829  1618     1    13  2773
   14  1597  1596     1    14  2774
   15  1377  1564     1    15  2775
   16  1403  1424     1    16  2776
   17  1571  1426     1    17  2777
   18  1849  1428     1    18  2778
