point     x     y slice color    ID
    0   823  1548     1     0   438
    1   997  1428     1     1   439
    2  1189  1341     1     2   440
    3  1642  1218     1     3   441
    4  1915  1200     1     4   442
    5  2380  1194     1     5   443
    6  2959  1305     1     6   444
    7  3160  1344     1     7   445
    8  3211  1398     1     8   446
    9  3157  1431     1     9   447
   10  2917  1461     1    10   448
   11  2605  1611     1    11   449
   12  1894  1743     1    12   450
   13  1636  1743     1    13   451
   14  1264  1713     1    14   452
   15   955  1662     1    15   453
   16  1012  1476     1    16   454
   17  1186  1455     1    17   455
   18  1636  1455     1    18   456
