point     x     y slice color    ID
    0   994  1361     1     0  2513
    1  1116  1283     1     1  2514
    2  1254  1229     1     2  2515
    3  1550  1149     1     3  2516
    4  1744  1137     1     4  2517
    5  2064  1149     1     5  2518
    6  2384  1231     1     6  2519
    7  2542  1243     1     7  2520
    8  2600  1259     1     8  2521
    9  2552  1299     1     9  2522
   10  2410  1315     1    10  2523
   11  2162  1419     1    11  2524
   12  1718  1483     1    12  2525
   13  1538  1477     1    13  2526
   14  1298  1469     1    14  2527
   15  1090  1451     1    15  2528
   16  1122  1339     1    16  2529
   17  1254  1327     1    17  2530
   18  1528  1297     1    18  2531
