point     x     y slice color    ID
    0   843  1348     1     0   532
    1   979  1268     1     1   533
    2  1121  1216     1     2   534
    3  1505  1128     1     3   535
    4  1737  1118     1     4   536
    5  2089  1130     1     5   537
    6  2565  1278     1     6   538
    7  2663  1282     1     7   539
    8  2741  1308     1     8   540
    9  2673  1356     1     9   541
   10  2563  1372     1    10   542
   11  2243  1480     1    11   543
   12  1657  1580     1    12   544
   13  1491  1556     1    13   545
   14  1203  1508     1    14   546
   15   933  1464     1    15   547
   16   985  1320     1    16   548
   17  1137  1316     1    17   549
   18  1475  1328     1    18   550
