point     x     y slice color    ID
    0  1320  1311     1     0  2115
    1  1452  1205     1     1  2116
    2  1588  1155     1     2  2117
    3  1860  1073     1     3  2118
    4  2058  1065     1     4  2119
    5  2300  1073     1     5  2120
    6  2626  1165     1     6  2121
    7  2786  1195     1     7  2122
    8  2836  1225     1     8  2123
    9  2784  1255     1     9  2124
   10  2660  1263     1    10  2125
   11  2416  1365     1    11  2126
   12  2022  1439     1    12  2127
   13  1860  1429     1    13  2128
   14  1640  1413     1    14  2129
   15  1420  1393     1    15  2130
   16  1456  1259     1    16  2131
   17  1596  1251     1    17  2132
   18  1880  1239     1    18  2133
