point     x     y slice color    ID
    0   868  1495     1     0  1375
    1  1038  1375     1     1  1376
    2  1204  1293     1     2  1377
    3  1612  1159     1     3  1378
    4  1860  1129     1     4  1379
    5  2242  1133     1     5  1380
    6  2782  1321     1     6  1381
    7  2882  1383     1     7  1382
    8  2922  1445     1     8  1383
    9  2872  1467     1     9  1384
   10  2750  1431     1    10  1385
   11  2436  1513     1    11  1386
   12  1820  1637     1    12  1387
   13  1612  1637     1    13  1388
   14  1310  1621     1    14  1389
   15  1000  1609     1    15  1390
   16  1042  1449     1    16  1391
   17  1214  1439     1    17  1392
   18  1616  1399     1    18  1393
