point     x     y slice color    ID
    0  1023  1350     1     0  2608
    1  1149  1262     1     1  2609
    2  1317  1204     1     2  2610
    3  1621  1124     1     3  2611
    4  1837  1128     1     4  2612
    5  2107  1166     1     5  2613
    6  2503  1302     1     6  2614
    7  2631  1320     1     7  2615
    8  2695  1344     1     8  2616
    9  2625  1390     1     9  2617
   10  2503  1410     1    10  2618
   11  2181  1492     1    11  2619
   12  1751  1514     1    12  2620
   13  1599  1496     1    13  2621
   14  1421  1484     1    14  2622
   15  1161  1456     1    15  2623
   16  1157  1318     1    16  2624
   17  1305  1326     1    17  2625
   18  1627  1332     1    18  2626
