point     x     y slice color    ID
    0   991  1452     1     0   970
    1  1138  1350     1     1   971
    2  1300  1287     1     2   972
    3  1663  1170     1     3   973
    4  1891  1152     1     4   974
    5  2212  1155     1     5   975
    6  2656  1272     1     6   976
    7  2830  1308     1     7   977
    8  2905  1338     1     8   978
    9  2833  1389     1     9   979
   10  2647  1401     1    10   980
   11  2350  1539     1    11   981
   12  1849  1635     1    12   982
   13  1645  1623     1    13   983
   14  1363  1587     1    14   984
   15  1096  1560     1    15   985
   16  1141  1401     1    16   986
   17  1306  1389     1    17   987
   18  1678  1380     1    18   988
