point     x     y slice color    ID
    0  1141  1380     1     0  1027
    1  1282  1320     1     1  1028
    2  1429  1278     1     2  1029
    3  1780  1188     1     3  1030
    4  1993  1194     1     4  1031
    5  2320  1218     1     5  1032
    6  2734  1341     1     6  1033
    7  2881  1374     1     7  1034
    8  2938  1419     1     8  1035
    9  2890  1443     1     9  1036
   10  2719  1461     1    10  1037
   11  2443  1542     1    11  1038
   12  1945  1605     1    12  1039
   13  1762  1593     1    13  1040
   14  1513  1545     1    14  1041
   15  1237  1485     1    15  1042
   16  1285  1362     1    16  1043
   17  1450  1362     1    17  1044
   18  1792  1395     1    18  1045
