point     x     y slice color    ID
    0  1078  1419     1     0  2437
    1  1214  1307     1     1  2438
    2  1344  1237     1     2  2439
    3  1672  1109     1     3  2440
    4  1902  1085     1     4  2441
    5  2246  1099     1     5  2442
    6  2648  1217     1     6  2443
    7  2826  1255     1     7  2444
    8  2904  1291     1     8  2445
    9  2816  1327     1     9  2446
   10  2674  1331     1    10  2447
   11  2392  1423     1    11  2448
   12  1856  1531     1    12  2449
   13  1676  1527     1    13  2450
   14  1428  1501     1    14  2451
   15  1188  1499     1    15  2452
   16  1208  1361     1    16  2453
   17  1362  1347     1    17  2454
   18  1674  1331     1    18  2455
