point     x     y slice color    ID
    0  1168  1349     1     0  1926
    1  1294  1261     1     1  1927
    2  1438  1205     1     2  1928
    3  1768  1129     1     3  1929
    4  1934  1131     1     4  1930
    5  2218  1159     1     5  1931
    6  2608  1277     1     6  1932
    7  2732  1317     1     7  1933
    8  2776  1351     1     8  1934
    9  2726  1375     1     9  1935
   10  2626  1381     1    10  1936
   11  2340  1481     1    11  1937
   12  1882  1523     1    12  1938
   13  1742  1499     1    13  1939
   14  1516  1483     1    14  1940
   15  1272  1451     1    15  1941
   16  1294  1319     1    16  1942
   17  1444  1317     1    17  1943
   18  1760  1323     1    18  1944
