point     x     y slice color    ID
    0  1105  1404     1     0  1008
    1  1234  1335     1     1  1009
    2  1369  1299     1     2  1010
    3  1693  1221     1     3  1011
    4  1873  1215     1     4  1012
    5  2155  1239     1     5  1013
    6  2524  1314     1     6  1014
    7  2662  1320     1     7  1015
    8  2728  1347     1     8  1016
    9  2671  1386     1     9  1017
   10  2542  1407     1    10  1018
   11  2260  1536     1    11  1019
   12  1834  1599     1    12  1020
   13  1666  1590     1    13  1021
   14  1447  1560     1    14  1022
   15  1189  1518     1    15  1023
   16  1228  1395     1    16  1024
   17  1378  1398     1    17  1025
   18  1705  1410     1    18  1026
