point     x     y slice color    ID
    0  1153  1344     1     0  1122
    1  1303  1266     1     1  1123
    2  1468  1224     1     2  1124
    3  1810  1140     1     3  1125
    4  2035  1146     1     4  1126
    5  2383  1176     1     5  1127
    6  2782  1317     1     6  1128
    7  2923  1347     1     7  1129
    8  2995  1374     1     8  1130
    9  2929  1413     1     9  1131
   10  2809  1419     1    10  1132
   11  2488  1527     1    11  1133
   12  1954  1596     1    12  1134
   13  1801  1578     1    13  1135
   14  1504  1521     1    14  1136
   15  1255  1461     1    15  1137
   16  1303  1323     1    16  1138
   17  1450  1329     1    17  1139
   18  1804  1353     1    18  1140
