point     x     y slice color    ID
    0   709  1388     1     0  2589
    1   855  1270     1     1  2590
    2  1023  1182     1     2  2591
    3  1397  1104     1     3  2592
    4  1605  1104     1     4  2593
    5  1987  1142     1     5  2594
    6  2459  1296     1     6  2595
    7  2643  1334     1     7  2596
    8  2723  1370     1     8  2597
    9  2619  1402     1     9  2598
   10  2459  1408     1    10  2599
   11  2155  1482     1    11  2600
   12  1583  1558     1    12  2601
   13  1369  1538     1    13  2602
   14  1153  1508     1    14  2603
   15   831  1486     1    15  2604
   16   851  1342     1    16  2605
   17   997  1330     1    17  2606
   18  1355  1348     1    18  2607
