point     x     y slice color    ID
    0   904  1401     1     0   666
    1  1060  1314     1     1   667
    2  1222  1257     1     2   668
    3  1624  1176     1     3   669
    4  1858  1164     1     4   670
    5  2257  1185     1     5   671
    6  2740  1365     1     6   672
    7  2872  1389     1     7   673
    8  2947  1440     1     8   674
    9  2848  1470     1     9   675
   10  2728  1473     1    10   676
   11  2374  1569     1    11   677
   12  1780  1662     1    12   678
   13  1618  1656     1    13   679
   14  1273  1569     1    14   680
   15  1012  1521     1    15   681
   16  1060  1371     1    16   682
   17  1222  1362     1    17   683
   18  1597  1383     1    18   684
