point     x     y slice color    ID
    0  1063  1503     1     0   248
    1  1185  1421     1     1   249
    2  1339  1363     1     2   250
    3  1649  1257     1     3   251
    4  1859  1241     1     4   252
    5  2241  1247     1     5   253
    6  2661  1395     1     6   254
    7  2815  1445     1     7   255
    8  2875  1483     1     8   256
    9  2801  1503     1     9   257
   10  2663  1505     1    10   258
   11  2383  1579     1    11   259
   12  1861  1679     1    12   260
   13  1645  1673     1    13   261
   14  1395  1641     1    14   262
   15  1151  1603     1    15   263
   16  1181  1459     1    16   264
   17  1337  1465     1    17   265
   18  1667  1443     1    18   266
