point     x     y slice color    ID
    0  1087  1354     1     0   722
    1  1195  1278     1     1   723
    2  1329  1230     1     2   724
    3  1655  1144     1     3   725
    4  1875  1138     1     4   726
    5  2193  1154     1     5   727
    6  2593  1320     1     6   728
    7  2745  1374     1     7   729
    8  2801  1420     1     8   730
    9  2749  1438     1     9   731
   10  2541  1428     1    10   732
   11  2325  1484     1    11   733
   12  1809  1528     1    12   734
   13  1643  1532     1    13   735
   14  1395  1486     1    14   736
   15  1167  1442     1    15   737
   16  1195  1328     1    16   738
   17  1331  1332     1    17   739
   18  1631  1330     1    18   740
