point     x     y slice color    ID
    0   912  1292     1     0     1
    1  1014  1196     1     1     2
    2  1136  1144     1     2     3
    3  1458  1026     1     3     4
    4  1646  1004     1     4     5
    5  1942  1016     1     5     6
    6  2298  1112     1     6     7
    7  2460  1152     1     7     8
    8  2498  1182     1     8     9
    9  2454  1212     1     9    10
   10  2326  1212     1    10    11
   11  2070  1302     1    11    12
   12  1610  1388     1    12    13
   13  1454  1390     1    13    14
   14  1236  1376     1    14    15
   15  1012  1378     1    15    16
   16  1018  1242     1    16    17
   17  1140  1232     1    17    18
   18  1438  1200     1    18    19
