point     x     y slice color    ID
    0   890  1339     1     0  1394
    1  1012  1285     1     1  1395
    2  1158  1237     1     2  1396
    3  1484  1157     1     3  1397
    4  1700  1143     1     4  1398
    5  2036  1173     1     5  1399
    6  2434  1303     1     6  1400
    7  2606  1355     1     7  1401
    8  2640  1391     1     8  1402
    9  2590  1417     1     9  1403
   10  2450  1409     1    10  1404
   11  2184  1517     1    11  1405
   12  1654  1545     1    12  1406
   13  1490  1539     1    13  1407
   14  1206  1503     1    14  1408
   15   972  1455     1    15  1409
   16  1016  1349     1    16  1410
   17  1162  1355     1    17  1411
   18  1474  1361     1    18  1412
