point     x     y slice color    ID
    0  1240  1443     1     0  1179
    1  1375  1365     1     1  1180
    2  1525  1326     1     2  1181
    3  1810  1266     1     3  1182
    4  1969  1275     1     4  1183
    5  2224  1299     1     5  1184
    6  2599  1401     1     6  1185
    7  2704  1422     1     7  1186
    8  2764  1458     1     8  1187
    9  2713  1479     1     9  1188
   10  2596  1482     1    10  1189
   11  2317  1554     1    11  1190
   12  1915  1614     1    12  1191
   13  1792  1599     1    13  1192
   14  1555  1572     1    14  1193
   15  1330  1527     1    15  1194
   16  1372  1416     1    16  1195
   17  1528  1413     1    17  1196
   18  1801  1425     1    18  1197
