point     x     y slice color    ID
    0  1048  1344     1     0   647
    1  1198  1260     1     1   648
    2  1375  1197     1     2   649
    3  1762  1107     1     3   650
    4  1999  1098     1     4   651
    5  2371  1125     1     5   652
    6  2875  1233     1     6   653
    7  3046  1230     1     7   654
    8  3133  1251     1     8   655
    9  3064  1299     1     9   656
   10  2899  1356     1    10   657
   11  2548  1515     1    11   658
   12  1927  1593     1    12   659
   13  1741  1587     1    13   660
   14  1444  1527     1    14   661
   15  1147  1464     1    15   662
   16  1204  1305     1    16   663
   17  1387  1284     1    17   664
   18  1774  1320     1    18   665
