point     x     y slice color    ID
    0  1248  1309     1     0  1356
    1  1374  1241     1     1  1357
    2  1524  1187     1     2  1358
    3  1856  1093     1     3  1359
    4  2072  1087     1     4  1360
    5  2354  1107     1     5  1361
    6  2752  1171     1     6  1362
    7  2886  1175     1     7  1363
    8  2934  1205     1     8  1364
    9  2890  1241     1     9  1365
   10  2768  1271     1    10  1366
   11  2516  1397     1    11  1367
   12  2008  1503     1    12  1368
   13  1852  1493     1    13  1369
   14  1590  1445     1    14  1370
   15  1336  1413     1    15  1371
   16  1378  1291     1    16  1372
   17  1528  1293     1    17  1373
   18  1848  1287     1    18  1374
