point     x     y slice color    ID
    0  1006  1410     1     0   476
    1  1156  1317     1     1   477
    2  1300  1269     1     2   478
    3  1666  1185     1     3   479
    4  1894  1188     1     4   480
    5  2245  1209     1     5   481
    6  2695  1302     1     6   482
    7  2863  1323     1     7   483
    8  2923  1353     1     8   484
    9  2857  1395     1     9   485
   10  2713  1425     1    10   486
   11  2401  1542     1    11   487
   12  1843  1617     1    12   488
   13  1675  1590     1    13   489
   14  1360  1557     1    14   490
   15  1111  1521     1    15   491
   16  1153  1374     1    16   492
   17  1303  1374     1    17   493
   18  1675  1395     1    18   494
