point     x     y slice color    ID
    0  1074  1409     1     0  1489
    1  1192  1327     1     1  1490
    2  1322  1263     1     2  1491
    3  1618  1171     1     3  1492
    4  1806  1163     1     4  1493
    5  2122  1197     1     5  1494
    6  2488  1319     1     6  1495
    7  2650  1365     1     7  1496
    8  2670  1395     1     8  1497
    9  2620  1423     1     9  1498
   10  2498  1413     1    10  1499
   11  2258  1495     1    11  1500
   12  1796  1529     1    12  1501
   13  1624  1521     1    13  1502
   14  1398  1499     1    14  1503
   15  1166  1489     1    15  1504
   16  1192  1375     1    16  1505
   17  1330  1367     1    17  1506
   18  1620  1347     1    18  1507
