point     x     y slice color    ID
    0  1162  1343     1     0  1679
    1  1312  1263     1     1  1680
    2  1460  1213     1     2  1681
    3  1800  1137     1     3  1682
    4  2022  1135     1     4  1683
    5  2358  1181     1     5  1684
    6  2752  1325     1     6  1685
    7  2880  1343     1     7  1686
    8  2916  1373     1     8  1687
    9  2882  1413     1     9  1688
   10  2780  1419     1    10  1689
   11  2440  1511     1    11  1690
   12  1946  1531     1    12  1691
   13  1776  1525     1    13  1692
   14  1528  1489     1    14  1693
   15  1248  1447     1    15  1694
   16  1304  1319     1    16  1695
   17  1474  1323     1    17  1696
   18  1784  1339     1    18  1697
