point     x     y slice color    ID
    0  1144  1327     1     0  2532
    1  1298  1233     1     1  2533
    2  1450  1169     1     2  2534
    3  1784  1071     1     3  2535
    4  1998  1065     1     4  2536
    5  2272  1081     1     5  2537
    6  2676  1179     1     6  2538
    7  2800  1217     1     7  2539
    8  2862  1247     1     8  2540
    9  2798  1279     1     9  2541
   10  2686  1289     1    10  2542
   11  2390  1407     1    11  2543
   12  1972  1467     1    12  2544
   13  1770  1477     1    13  2545
   14  1534  1457     1    14  2546
   15  1270  1439     1    15  2547
   16  1298  1293     1    16  2548
   17  1456  1281     1    17  2549
   18  1798  1265     1    18  2550
