point     x     y slice color    ID
    0  1384  1242     1     0   590
    1  1489  1185     1     1   591
    2  1615  1143     1     2   592
    3  1912  1104     1     3   593
    4  2107  1101     1     4   594
    5  2404  1125     1     5   595
    6  2716  1191     1     6   596
    7  2854  1224     1     7   597
    8  2896  1254     1     8   598
    9  2845  1275     1     9   599
   10  2743  1281     1    10   600
   11  2500  1371     1    11   601
   12  2053  1464     1    12   602
   13  1903  1446     1    13   603
   14  1702  1395     1    14   604
   15  1435  1338     1    15   605
   16  1492  1236     1    16   606
   17  1609  1248     1    17   607
   18  1885  1272     1    18   608
