point     x     y slice color    ID
    0   942  1619     1     0  1451
    1  1108  1503     1     1  1452
    2  1286  1413     1     2  1453
    3  1710  1281     1     3  1454
    4  1966  1273     1     4  1455
    5  2400  1311     1     5  1456
    6  2970  1517     1     6  1457
    7  3120  1553     1     7  1458
    8  3226  1593     1     8  1459
    9  3132  1629     1     9  1460
   10  2812  1653     1    10  1461
   11  2566  1719     1    11  1462
   12  1914  1767     1    12  1463
   13  1674  1781     1    13  1464
   14  1362  1751     1    14  1465
   15  1084  1735     1    15  1466
   16  1112  1557     1    16  1467
   17  1294  1545     1    17  1468
   18  1696  1539     1    18  1469
