point     x     y slice color    ID
    0  1143  1301     1     0   115
    1  1303  1215     1     1   116
    2  1467  1167     1     2   117
    3  1757  1105     1     3   118
    4  1957  1113     1     4   119
    5  2239  1129     1     5   120
    6  2575  1251     1     6   121
    7  2737  1283     1     7   122
    8  2793  1321     1     8   123
    9  2727  1347     1     9   124
   10  2581  1353     1    10   125
   11  2321  1435     1    11   126
   12  1915  1495     1    12   127
   13  1729  1483     1    13   128
   14  1521  1463     1    14   129
   15  1251  1401     1    15   130
   16  1299  1281     1    16   131
   17  1453  1293     1    17   132
   18  1761  1315     1    18   133
