point     x     y slice color    ID
    0  1001  1370     1     0   475
    1  1165  1260     1     1   476
    2  1327  1194     1     2   477
    3  1697  1112     1     3   478
    4  1985  1114     1     4   479
    5  2327  1132     1     5   480
    6  2797  1292     1     6   481
    7  2987  1314     1     7   482
    8  3061  1332     1     8   483
    9  2999  1384     1     9   484
   10  2825  1414     1    10   485
   11  2513  1530     1    11   486
   12  1873  1584     1    12   487
   13  1693  1570     1    13   488
   14  1409  1518     1    14   489
   15  1117  1478     1    15   490
   16  1165  1314     1    16   491
   17  1331  1316     1    17   492
   18  1707  1326     1    18   493
