point     x     y slice color    ID
    0  1147  1413     1     0  1217
    1  1261  1353     1     1  1218
    2  1405  1305     1     2  1219
    3  1705  1242     1     3  1220
    4  1912  1233     1     4  1221
    5  2212  1242     1     5  1222
    6  2608  1362     1     6  1223
    7  2728  1398     1     7  1224
    8  2803  1419     1     8  1225
    9  2731  1455     1     9  1226
   10  2566  1449     1    10  1227
   11  2296  1515     1    11  1228
   12  1873  1590     1    12  1229
   13  1714  1581     1    13  1230
   14  1474  1554     1    14  1231
   15  1222  1509     1    15  1232
   16  1267  1407     1    16  1233
   17  1408  1410     1    17  1234
   18  1723  1407     1    18  1235
