point     x     y slice color    ID
    0  1018  1494     1     0   419
    1  1186  1386     1     1   420
    2  1354  1320     1     2   421
    3  1657  1236     1     3   422
    4  1909  1221     1     4   423
    5  2224  1221     1     5   424
    6  2692  1341     1     6   425
    7  2857  1350     1     7   426
    8  2923  1386     1     8   427
    9  2845  1428     1     9   428
   10  2701  1440     1    10   429
   11  2401  1548     1    11   430
   12  1861  1659     1    12   431
   13  1660  1653     1    13   432
   14  1387  1626     1    14   433
   15  1123  1590     1    15   434
   16  1192  1446     1    16   435
   17  1348  1434     1    17   436
   18  1690  1440     1    18   437
