point     x     y slice color    ID
    0  1187  1206     1     0   589
    1  1287  1156     1     1   590
    2  1415  1114     1     2   591
    3  1731  1054     1     3   592
    4  1929  1056     1     4   593
    5  2207  1084     1     5   594
    6  2563  1198     1     6   595
    7  2711  1216     1     7   596
    8  2757  1242     1     8   597
    9  2699  1272     1     9   598
   10  2571  1280     1    10   599
   11  2333  1374     1    11   600
   12  1859  1410     1    12   601
   13  1703  1390     1    13   602
   14  1465  1340     1    14   603
   15  1249  1302     1    15   604
   16  1291  1208     1    16   605
   17  1417  1204     1    17   606
   18  1725  1222     1    18   607
