point     x     y slice color    ID
    0  1117  1551     1     0    39
    1  1237  1461     1     1    40
    2  1378  1410     1     2    41
    3  1735  1308     1     3    42
    4  1990  1278     1     4    43
    5  2347  1293     1     5    44
    6  2812  1392     1     6    45
    7  2989  1422     1     7    46
    8  3073  1461     1     8    47
    9  2983  1494     1     9    48
   10  2830  1497     1    10    49
   11  2503  1635     1    11    50
   12  1930  1704     1    12    51
   13  1720  1707     1    13    52
   14  1453  1677     1    14    53
   15  1216  1659     1    15    54
   16  1237  1521     1    16    55
   17  1375  1518     1    17    56
   18  1720  1494     1    18    57
