point     x     y slice color    ID
    0  1234  1410     1     0   362
    1  1378  1311     1     1   363
    2  1531  1254     1     2   364
    3  1840  1191     1     3   365
    4  2044  1191     1     4   366
    5  2374  1221     1     5   367
    6  2749  1305     1     6   368
    7  2899  1314     1     7   369
    8  2959  1338     1     8   370
    9  2920  1383     1     9   371
   10  2767  1404     1    10   372
   11  2455  1494     1    11   373
   12  1975  1551     1    12   374
   13  1825  1548     1    13   375
   14  1642  1530     1    14   376
   15  1348  1497     1    15   377
   16  1378  1389     1    16   378
   17  1528  1395     1    17   379
   18  1837  1395     1    18   380
