point     x     y slice color    ID
    0  1068  1419     1     0  1755
    1  1198  1329     1     1  1756
    2  1346  1269     1     2  1757
    3  1682  1177     1     3  1758
    4  1902  1175     1     4  1759
    5  2234  1223     1     5  1760
    6  2670  1347     1     6  1761
    7  2822  1377     1     7  1762
    8  2872  1403     1     8  1763
    9  2816  1439     1     9  1764
   10  2680  1443     1    10  1765
   11  2366  1533     1    11  1766
   12  1842  1575     1    12  1767
   13  1688  1573     1    13  1768
   14  1476  1559     1    14  1769
   15  1170  1509     1    15  1770
   16  1196  1385     1    16  1771
   17  1350  1393     1    17  1772
   18  1692  1379     1    18  1773
