point     x     y slice color    ID
    0  1207  1323     1     0  1065
    1  1345  1254     1     1  1066
    2  1495  1218     1     2  1067
    3  1825  1161     1     3  1068
    4  2029  1167     1     4  1069
    5  2311  1200     1     5  1070
    6  2704  1278     1     6  1071
    7  2821  1278     1     7  1072
    8  2899  1299     1     8  1073
    9  2833  1341     1     9  1074
   10  2707  1365     1    10  1075
   11  2410  1494     1    11  1076
   12  1966  1545     1    12  1077
   13  1810  1530     1    13  1078
   14  1552  1488     1    14  1079
   15  1309  1431     1    15  1080
   16  1339  1311     1    16  1081
   17  1486  1320     1    17  1082
   18  1819  1353     1    18  1083
