point     x     y slice color    ID
    0  1159  1298     1     0   494
    1  1283  1234     1     1   495
    2  1427  1198     1     2   496
    3  1779  1124     1     3   497
    4  1983  1114     1     4   498
    5  2311  1132     1     5   499
    6  2727  1236     1     6   500
    7  2875  1240     1     7   501
    8  2955  1274     1     8   502
    9  2885  1310     1     9   503
   10  2731  1328     1    10   504
   11  2441  1430     1    11   505
   12  1925  1516     1    12   506
   13  1763  1500     1    13   507
   14  1495  1454     1    14   508
   15  1247  1410     1    15   509
   16  1285  1288     1    16   510
   17  1435  1290     1    17   511
   18  1753  1314     1    18   512
