point     x     y slice color    ID
    0   930  1463     1     0  1982
    1  1068  1389     1     1  1983
    2  1222  1335     1     2  1984
    3  1566  1263     1     3  1985
    4  1760  1265     1     4  1986
    5  2042  1291     1     5  1987
    6  2424  1379     1     6  1988
    7  2542  1375     1     7  1989
    8  2602  1389     1     8  1990
    9  2560  1435     1     9  1991
   10  2386  1491     1    10  1992
   11  2124  1603     1    11  1993
   12  1712  1661     1    12  1994
   13  1548  1653     1    13  1995
   14  1310  1627     1    14  1996
   15  1046  1585     1    15  1997
   16  1074  1447     1    16  1998
   17  1224  1449     1    17  1999
   18  1558  1461     1    18  2000
