point     x     y slice color    ID
    0  1141  1314     1     0   438
    1  1255  1258     1     1   439
    2  1393  1214     1     2   440
    3  1727  1134     1     3   441
    4  1907  1128     1     4   442
    5  2191  1148     1     5   443
    6  2617  1244     1     6   444
    7  2711  1252     1     7   445
    8  2771  1284     1     8   446
    9  2721  1316     1     9   447
   10  2609  1338     1    10   448
   11  2331  1448     1    11   449
   12  1847  1528     1    12   450
   13  1697  1516     1    13   451
   14  1447  1472     1    14   452
   15  1229  1428     1    15   453
   16  1255  1314     1    16   454
   17  1401  1318     1    17   455
   18  1703  1338     1    18   456
