point     x     y slice color    ID
    0   970  1377     1     0   742
    1  1117  1305     1     1   743
    2  1267  1248     1     2   744
    3  1618  1185     1     3   745
    4  1816  1188     1     4   746
    5  2155  1203     1     5   747
    6  2578  1329     1     6   748
    7  2737  1356     1     7   749
    8  2803  1389     1     8   750
    9  2731  1425     1     9   751
   10  2587  1434     1    10   752
   11  2323  1524     1    11   753
   12  1762  1593     1    12   754
   13  1597  1584     1    13   755
   14  1321  1539     1    14   756
   15  1072  1479     1    15   757
   16  1114  1362     1    16   758
   17  1276  1365     1    17   759
   18  1609  1386     1    18   760
