point     x     y slice color    ID
    0  1045  1302     1     0  2779
    1  1167  1214     1     1  2780
    2  1315  1158     1     2  2781
    3  1627  1072     1     3  2782
    4  1829  1092     1     4  2783
    5  2093  1130     1     5  2784
    6  2491  1264     1     6  2785
    7  2611  1302     1     7  2786
    8  2665  1342     1     8  2787
    9  2605  1360     1     9  2788
   10  2483  1348     1    10  2789
   11  2195  1404     1    11  2790
   12  1769  1444     1    12  2791
   13  1625  1440     1    13  2792
   14  1407  1416     1    14  2793
   15  1143  1402     1    15  2794
   16  1171  1270     1    16  2795
   17  1315  1282     1    17  2796
   18  1611  1274     1    18  2797
