point     x     y slice color    ID
    0  1201  1389     1     0  1046
    1  1330  1329     1     1  1047
    2  1474  1287     1     2  1048
    3  1777  1230     1     3  1049
    4  1960  1227     1     4  1050
    5  2212  1242     1     5  1051
    6  2575  1320     1     6  1052
    7  2689  1311     1     7  1053
    8  2752  1332     1     8  1054
    9  2698  1383     1     9  1055
   10  2596  1398     1    10  1056
   11  2335  1518     1    11  1057
   12  1909  1581     1    12  1058
   13  1765  1572     1    13  1059
   14  1516  1536     1    14  1060
   15  1288  1488     1    15  1061
   16  1330  1374     1    16  1062
   17  1468  1368     1    17  1063
   18  1780  1401     1    18  1064
