point     x     y slice color    ID
    0  1300  1245     1     0   761
    1  1417  1176     1     1   762
    2  1558  1137     1     2   763
    3  1828  1056     1     3   764
    4  2008  1056     1     4   765
    5  2254  1083     1     5   766
    6  2587  1212     1     6   767
    7  2719  1260     1     7   768
    8  2755  1299     1     8   769
    9  2695  1308     1     9   770
   10  2584  1287     1    10   771
   11  2344  1356     1    11   772
   12  1954  1398     1    12   773
   13  1819  1392     1    13   774
   14  1627  1371     1    14   775
   15  1387  1341     1    15   776
   16  1411  1224     1    16   777
   17  1555  1230     1    17   778
   18  1831  1230     1    18   779
