point     x     y slice color    ID
    0   927  1404     1     0  2665
    1  1053  1316     1     1  2666
    2  1205  1260     1     2  2667
    3  1553  1166     1     3  2668
    4  1801  1166     1     4  2669
    5  2153  1194     1     5  2670
    6  2549  1326     1     6  2671
    7  2745  1356     1     7  2672
    8  2809  1382     1     8  2673
    9  2731  1428     1     9  2674
   10  2569  1444     1    10  2675
   11  2273  1554     1    11  2676
   12  1721  1598     1    12  2677
   13  1531  1586     1    13  2678
   14  1237  1536     1    14  2679
   15  1027  1512     1    15  2680
   16  1051  1372     1    16  2681
   17  1203  1360     1    17  2682
   18  1525  1350     1    18  2683
