point     x     y slice color    ID
    0   916  1315     1     0  2247
    1  1070  1235     1     1  2248
    2  1220  1185     1     2  2249
    3  1566  1129     1     3  2250
    4  1756  1133     1     4  2251
    5  2064  1169     1     5  2252
    6  2470  1243     1     6  2253
    7  2582  1247     1     7  2254
    8  2658  1265     1     8  2255
    9  2604  1309     1     9  2256
   10  2484  1335     1    10  2257
   11  2178  1491     1    11  2258
   12  1690  1525     1    12  2259
   13  1516  1505     1    13  2260
   14  1298  1469     1    14  2261
   15  1030  1425     1    15  2262
   16  1076  1305     1    16  2263
   17  1224  1303     1    17  2264
   18  1544  1341     1    18  2265
