point     x     y slice color    ID
    0  1453  1404     1     0  1236
    1  1585  1344     1     1  1237
    2  1723  1308     1     2  1238
    3  1996  1233     1     3  1239
    4  2185  1245     1     4  1240
    5  2452  1245     1     5  1241
    6  2773  1353     1     6  1242
    7  2869  1365     1     7  1243
    8  2923  1389     1     8  1244
    9  2869  1422     1     9  1245
   10  2773  1440     1    10  1246
   11  2521  1530     1    11  1247
   12  2128  1593     1    12  1248
   13  1987  1584     1    13  1249
   14  1768  1566     1    14  1250
   15  1534  1509     1    15  1251
   16  1588  1401     1    16  1252
   17  1729  1395     1    17  1253
   18  1996  1407     1    18  1254
