point     x     y slice color    ID
    0  1081  1275     1     0  1084
    1  1237  1206     1     1  1085
    2  1390  1155     1     2  1086
    3  1705  1086     1     3  1087
    4  1945  1086     1     4  1088
    5  2215  1101     1     5  1089
    6  2587  1203     1     6  1090
    7  2746  1218     1     7  1091
    8  2824  1245     1     8  1092
    9  2752  1281     1     9  1093
   10  2623  1302     1    10  1094
   11  2308  1398     1    11  1095
   12  1855  1479     1    12  1096
   13  1687  1470     1    13  1097
   14  1462  1434     1    14  1098
   15  1174  1395     1    15  1099
   16  1234  1263     1    16  1100
   17  1402  1260     1    17  1101
   18  1720  1272     1    18  1102
