point     x     y slice color    ID
    0  1310  1317     1     0  1793
    1  1466  1229     1     1  1794
    2  1608  1173     1     2  1795
    3  1940  1085     1     3  1796
    4  2136  1085     1     4  1797
    5  2414  1115     1     5  1798
    6  2812  1233     1     6  1799
    7  2934  1241     1     7  1800
    8  2994  1271     1     8  1801
    9  2942  1313     1     9  1802
   10  2824  1339     1    10  1803
   11  2510  1453     1    11  1804
   12  2090  1495     1    12  1805
   13  1904  1479     1    13  1806
   14  1674  1459     1    14  1807
   15  1408  1429     1    15  1808
   16  1468  1285     1    16  1809
   17  1618  1283     1    17  1810
   18  1950  1287     1    18  1811
