point     x     y slice color    ID
    0   915  1465     1     0     1
    1  1052  1377     1     1     2
    2  1188  1302     1     2     3
    3  1545  1188     1     3     4
    4  1751  1179     1     4     5
    5  2134  1210     1     5     6
    6  2566  1342     1     6     7
    7  2663  1360     1     7     8
    8  2733  1404     1     8     9
    9  2658  1430     1     9    10
   10  2517  1457     1    10    11
   11  2222  1553     1    11    12
   12  1725  1615     1    12    13
   13  1545  1615     1    13    14
   14  1294  1589     1    14    15
   15  1003  1567     1    15    16
   16  1056  1435     1    16    17
   17  1201  1426     1    17    18
   18  1540  1443     1    18    19
