point     x     y slice color    ID
    0   736  1596     1     0   153
    1   907  1488     1     1   154
    2  1066  1416     1     2   155
    3  1420  1305     1     3   156
    4  1660  1278     1     4   157
    5  2035  1296     1     5   158
    6  2518  1470     1     6   159
    7  2638  1506     1     7   160
    8  2725  1560     1     8   161
    9  2644  1578     1     9   162
   10  2539  1569     1    10   163
   11  2209  1656     1    11   164
   12  1639  1743     1    12   165
   13  1447  1752     1    13   166
   14  1135  1731     1    14   167
   15   865  1698     1    15   168
   16   901  1548     1    16   169
   17  1078  1557     1    17   170
   18  1453  1533     1    18   171
