point     x     y slice color    ID
    0  1030  1389     1     0  1584
    1  1186  1299     1     1  1585
    2  1338  1241     1     2  1586
    3  1622  1145     1     3  1587
    4  1830  1149     1     4  1588
    5  2066  1165     1     5  1589
    6  2456  1295     1     6  1590
    7  2580  1319     1     7  1591
    8  2630  1349     1     8  1592
    9  2578  1379     1     9  1593
   10  2450  1391     1    10  1594
   11  2176  1487     1    11  1595
   12  1782  1527     1    12  1596
   13  1594  1519     1    13  1597
   14  1396  1517     1    14  1598
   15  1148  1485     1    15  1599
   16  1186  1363     1    16  1600
   17  1336  1353     1    17  1601
   18  1640  1345     1    18  1602
