point     x     y slice color    ID
    0  1069  1392     1     0   818
    1  1234  1305     1     1   819
    2  1396  1248     1     2   820
    3  1771  1155     1     3   821
    4  2038  1131     1     4   822
    5  2458  1155     1     5   823
    6  3040  1353     1     6   824
    7  3181  1407     1     7   825
    8  3259  1446     1     8   826
    9  3175  1479     1     9   827
   10  2989  1461     1    10   828
   11  2602  1539     1    11   829
   12  2026  1635     1    12   830
   13  1777  1629     1    13   831
   14  1462  1584     1    14   832
   15  1168  1518     1    15   833
   16  1228  1362     1    16   834
   17  1393  1365     1    17   835
   18  1798  1386     1    18   836
