point     x     y slice color    ID
    0  1272  1403     1     0  1831
    1  1416  1311     1     1  1832
    2  1568  1249     1     2  1833
    3  1884  1171     1     3  1834
    4  2090  1149     1     4  1835
    5  2420  1175     1     5  1836
    6  2814  1263     1     6  1837
    7  2976  1247     1     7  1838
    8  3036  1269     1     8  1839
    9  2980  1317     1     9  1840
   10  2844  1359     1    10  1841
   11  2574  1473     1    11  1842
   12  2034  1595     1    12  1843
   13  1858  1569     1    13  1844
   14  1622  1531     1    14  1845
   15  1380  1501     1    15  1846
   16  1422  1377     1    16  1847
   17  1568  1373     1    17  1848
   18  1886  1379     1    18  1849
