point     x     y slice color    ID
    0  1323  1317     1     0   267
    1  1451  1241     1     1   268
    2  1597  1195     1     2   269
    3  1893  1141     1     3   270
    4  2071  1145     1     4   271
    5  2351  1169     1     5   272
    6  2699  1273     1     6   273
    7  2869  1275     1     7   274
    8  2917  1297     1     8   275
    9  2869  1337     1     9   276
   10  2713  1355     1    10   277
   11  2491  1457     1    11   278
   12  2009  1519     1    12   279
   13  1859  1513     1    13   280
   14  1609  1453     1    14   281
   15  1397  1403     1    15   282
   16  1445  1289     1    16   283
   17  1597  1287     1    17   284
   18  1863  1319     1    18   285
