point     x     y slice color    ID
    0  1135  1188     1     0   894
    1  1282  1131     1     1   895
    2  1429  1086     1     2   896
    3  1756  1032     1     3   897
    4  1957  1047     1     4   898
    5  2251  1062     1     5   899
    6  2662  1170     1     6   900
    7  2749  1179     1     7   901
    8  2833  1194     1     8   902
    9  2764  1239     1     9   903
   10  2581  1287     1    10   904
   11  2341  1383     1    11   905
   12  1885  1410     1    12   906
   13  1732  1401     1    13   907
   14  1495  1368     1    14   908
   15  1228  1323     1    15   909
   16  1282  1176     1    16   910
   17  1441  1179     1    17   911
   18  1765  1203     1    18   912
