point     x     y slice color    ID
    0  1240  1379     1     0  1717
    1  1384  1283     1     1  1718
    2  1530  1203     1     2  1719
    3  1840  1125     1     3  1720
    4  2046  1123     1     4  1721
    5  2368  1159     1     5  1722
    6  2784  1299     1     6  1723
    7  2890  1305     1     7  1724
    8  2952  1335     1     8  1725
    9  2894  1371     1     9  1726
   10  2752  1383     1    10  1727
   11  2432  1455     1    11  1728
   12  1996  1489     1    12  1729
   13  1820  1479     1    13  1730
   14  1642  1479     1    14  1731
   15  1366  1471     1    15  1732
   16  1386  1343     1    16  1733
   17  1528  1345     1    17  1734
   18  1840  1319     1    18  1735
