point     x     y slice color    ID
    0   886  1431     1     0  1368
    1  1084  1311     1     1  1369
    2  1282  1227     1     2  1370
    3  1774  1095     1     3  1371
    4  2041  1092     1     4  1372
    5  2542  1104     1     5  1373
    6  3142  1347     1     6  1374
    7  3346  1425     1     7  1375
    8  3406  1494     1     8  1376
    9  3325  1524     1     9  1377
   10  3139  1494     1    10  1378
   11  2764  1575     1    11  1379
   12  2014  1704     1    12  1380
   13  1765  1698     1    13  1381
   14  1384  1635     1    14  1382
   15  1024  1581     1    15  1383
   16  1084  1371     1    16  1384
   17  1294  1365     1    17  1385
   18  1777  1365     1    18  1386
