point     x     y slice color    ID
    0   952  1386     1     0     1
    1  1126  1272     1     1     2
    2  1297  1206     1     2     3
    3  1624  1128     1     3     4
    4  1873  1110     1     4     5
    5  2239  1134     1     5     6
    6  2758  1254     1     6     7
    7  2932  1263     1     7     8
    8  3013  1275     1     8     9
    9  2965  1332     1     9    10
   10  2785  1365     1    10    11
   11  2440  1485     1    11    12
   12  1816  1590     1    12    13
   13  1630  1563     1    13    14
   14  1357  1521     1    14    15
   15  1075  1491     1    15    16
   16  1126  1350     1    16    17
   17  1291  1332     1    17    18
   18  1651  1329     1    18    19
