point     x     y slice color    ID
    0  1256  1397     1     0  1812
    1  1378  1311     1     1  1813
    2  1536  1233     1     2  1814
    3  1846  1137     1     3  1815
    4  2058  1129     1     4  1816
    5  2394  1163     1     5  1817
    6  2774  1323     1     6  1818
    7  2920  1369     1     7  1819
    8  2964  1413     1     8  1820
    9  2896  1431     1     9  1821
   10  2778  1415     1    10  1822
   11  2512  1477     1    11  1823
   12  2006  1537     1    12  1824
   13  1828  1531     1    13  1825
   14  1606  1513     1    14  1826
   15  1360  1481     1    15  1827
   16  1384  1357     1    16  1828
   17  1550  1353     1    17  1829
   18  1852  1339     1    18  1830
