point     x     y slice color    ID
    0  1069  1458     1     0    96
    1  1225  1371     1     1    97
    2  1372  1311     1     2    98
    3  1729  1230     1     3    99
    4  1969  1218     1     4   100
    5  2275  1227     1     5   101
    6  2713  1302     1     6   102
    7  2857  1284     1     7   103
    8  2938  1287     1     8   104
    9  2884  1344     1     9   105
   10  2740  1404     1    10   106
   11  2407  1560     1    11   107
   12  1900  1674     1    12   108
   13  1741  1659     1    13   109
   14  1450  1611     1    14   110
   15  1183  1566     1    15   111
   16  1228  1437     1    16   112
   17  1381  1431     1    17   113
   18  1735  1446     1    18   114
