point     x     y slice color    ID
    0  1093  1374     1     0   229
    1  1216  1320     1     1   230
    2  1354  1272     1     2   231
    3  1630  1206     1     3   232
    4  1822  1200     1     4   233
    5  2119  1209     1     5   234
    6  2509  1353     1     6   235
    7  2641  1413     1     7   236
    8  2677  1437     1     8   237
    9  2620  1464     1     9   238
   10  2506  1437     1    10   239
   11  2233  1491     1    11   240
   12  1783  1566     1    12   241
   13  1606  1545     1    13   242
   14  1420  1527     1    14   243
   15  1174  1482     1    15   244
   16  1219  1368     1    16   245
   17  1354  1362     1    17   246
   18  1633  1374     1    18   247
