point     x     y slice color    ID
    0  1144  1338     1     0    58
    1  1270  1287     1     1    59
    2  1411  1254     1     2    60
    3  1750  1206     1     3    61
    4  1972  1209     1     4    62
    5  2251  1236     1     5    63
    6  2602  1323     1     6    64
    7  2776  1299     1     7    65
    8  2833  1326     1     8    66
    9  2785  1368     1     9    67
   10  2605  1416     1    10    68
   11  2338  1512     1    11    69
   12  1876  1560     1    12    70
   13  1744  1557     1    13    71
   14  1462  1509     1    14    72
   15  1201  1437     1    15    73
   16  1279  1347     1    16    74
   17  1420  1353     1    17    75
   18  1726  1377     1    18    76
