point     x     y slice color    ID
    0  1309  1287     1     0  1311
    1  1423  1212     1     1  1312
    2  1561  1173     1     2  1313
    3  1846  1134     1     3  1314
    4  2020  1137     1     4  1315
    5  2272  1161     1     5  1316
    6  2632  1248     1     6  1317
    7  2788  1272     1     7  1318
    8  2833  1308     1     8  1319
    9  2764  1332     1     9  1320
   10  2650  1329     1    10  1321
   11  2368  1401     1    11  1322
   12  1963  1467     1    12  1323
   13  1828  1446     1    13  1324
   14  1603  1416     1    14  1325
   15  1393  1362     1    15  1326
   16  1423  1257     1    16  1327
   17  1567  1260     1    17  1328
   18  1834  1272     1    18  1329
