point     x     y slice color    ID
    0  1278  1449     1     0  1470
    1  1400  1359     1     1  1471
    2  1532  1291     1     2  1472
    3  1810  1207     1     3  1473
    4  1994  1195     1     4  1474
    5  2248  1221     1     5  1475
    6  2598  1315     1     6  1476
    7  2762  1361     1     7  1477
    8  2794  1399     1     8  1478
    9  2752  1413     1     9  1479
   10  2604  1403     1    10  1480
   11  2374  1481     1    11  1481
   12  1948  1567     1    12  1482
   13  1810  1557     1    13  1483
   14  1604  1537     1    14  1484
   15  1366  1519     1    15  1485
   16  1406  1411     1    16  1486
   17  1544  1401     1    17  1487
   18  1810  1397     1    18  1488
