point     x     y slice color    ID
    0   670  1494     1     0  1349
    1   901  1410     1     1  1350
    2  1123  1362     1     2  1351
    3  1660  1263     1     3  1352
    4  1942  1254     1     4  1353
    5  2467  1287     1     5  1354
    6  3115  1374     1     6  1355
    7  3298  1347     1     7  1356
    8  3430  1353     1     8  1357
    9  3358  1446     1     9  1358
   10  3250  1476     1    10  1359
   11  2800  1806     1    11  1360
   12  1843  1962     1    12  1361
   13  1579  1917     1    13  1362
   14  1186  1797     1    14  1363
   15   820  1680     1    15  1364
   16   889  1494     1    16  1365
   17  1129  1512     1    17  1366
   18  1609  1620     1    18  1367
