point     x     y slice color    ID
    0   839  1288     1     0   513
    1   987  1210     1     1   514
    2  1169  1162     1     2   515
    3  1561  1060     1     3   516
    4  1811  1054     1     4   517
    5  2193  1086     1     5   518
    6  2737  1276     1     6   519
    7  2895  1334     1     7   520
    8  2943  1388     1     8   521
    9  2863  1402     1     9   522
   10  2699  1386     1    10   523
   11  2361  1466     1    11   524
   12  1733  1548     1    12   525
   13  1557  1548     1    13   526
   14  1191  1468     1    14   527
   15   933  1404     1    15   528
   16   993  1262     1    16   529
   17  1171  1266     1    17   530
   18  1533  1300     1    18   531
