point     x     y slice color    ID
    0   816  1341     1     0  2570
    1   990  1253     1     1  2571
    2  1154  1187     1     2  2572
    3  1482  1091     1     3  2573
    4  1662  1103     1     4  2574
    5  1926  1121     1     5  2575
    6  2324  1231     1     6  2576
    7  2448  1261     1     7  2577
    8  2516  1289     1     8  2578
    9  2454  1321     1     9  2579
   10  2332  1323     1    10  2580
   11  2016  1435     1    11  2581
   12  1596  1493     1    12  2582
   13  1440  1489     1    13  2583
   14  1204  1483     1    14  2584
   15   928  1449     1    15  2585
   16   992  1311     1    16  2586
   17  1156  1305     1    17  2587
   18  1482  1295     1    18  2588
