point     x     y slice color    ID
    0  1146  1411     1     0  1622
    1  1290  1329     1     1  1623
    2  1456  1267     1     2  1624
    3  1752  1205     1     3  1625
    4  1948  1213     1     4  1626
    5  2218  1243     1     5  1627
    6  2578  1347     1     6  1628
    7  2736  1365     1     7  1629
    8  2790  1397     1     8  1630
    9  2738  1429     1     9  1631
   10  2582  1441     1    10  1632
   11  2322  1551     1    11  1633
   12  1886  1579     1    12  1634
   13  1724  1571     1    13  1635
   14  1506  1545     1    14  1636
   15  1258  1517     1    15  1637
   16  1296  1393     1    16  1638
   17  1442  1387     1    17  1639
   18  1756  1389     1    18  1640
