point     x     y slice color    ID
    0  1108  1308     1     0   685
    1  1258  1239     1     1   686
    2  1405  1179     1     2   687
    3  1735  1110     1     3   688
    4  1954  1113     1     4   689
    5  2296  1119     1     5   690
    6  2707  1281     1     6   691
    7  2848  1332     1     7   692
    8  2878  1374     1     8   693
    9  2818  1395     1     9   694
   10  2695  1374     1    10   695
   11  2392  1467     1    11   696
   12  1903  1521     1    12   697
   13  1720  1512     1    13   698
   14  1480  1476     1    14   699
   15  1201  1425     1    15   700
   16  1240  1305     1    16   701
   17  1405  1314     1    17   702
   18  1720  1323     1    18   703
