point     x     y slice color    ID
    0   922  1386     1     0   115
    1  1042  1308     1     1   116
    2  1192  1272     1     2   117
    3  1525  1206     1     3   118
    4  1732  1209     1     4   119
    5  2035  1239     1     5   120
    6  2428  1341     1     6   121
    7  2560  1347     1     7   122
    8  2620  1368     1     8   123
    9  2572  1416     1     9   124
   10  2455  1425     1    10   125
   11  2119  1539     1    11   126
   12  1651  1590     1    12   127
   13  1501  1584     1    13   128
   14  1252  1533     1    14   129
   15  1012  1488     1    15   130
   16  1042  1350     1    16   131
   17  1195  1344     1    17   132
   18  1519  1356     1    18   133
