point     x     y slice color    ID
    0  1076  1259     1     0  1413
    1  1202  1189     1     1  1414
    2  1340  1147     1     2  1415
    3  1622  1083     1     3  1416
    4  1776  1079     1     4  1417
    5  2012  1105     1     5  1418
    6  2346  1191     1     6  1419
    7  2494  1219     1     7  1420
    8  2544  1251     1     8  1421
    9  2490  1277     1     9  1422
   10  2320  1287     1    10  1423
   11  2106  1369     1    11  1424
   12  1730  1421     1    12  1425
   13  1618  1407     1    13  1426
   14  1426  1381     1    14  1427
   15  1184  1351     1    15  1428
   16  1204  1251     1    16  1429
   17  1346  1249     1    17  1430
   18  1616  1259     1    18  1431
