point     x     y slice color    ID
    0   865  1387     1     0   305
    1  1019  1311     1     1   306
    2  1185  1249     1     2   307
    3  1609  1157     1     3   308
    4  1877  1151     1     4   309
    5  2261  1175     1     5   310
    6  2845  1311     1     6   311
    7  3023  1333     1     7   312
    8  3075  1367     1     8   313
    9  3013  1409     1     9   314
   10  2847  1425     1    10   315
   11  2477  1571     1    11   316
   12  1787  1653     1    12   317
   13  1585  1631     1    13   318
   14  1251  1567     1    14   319
   15   975  1519     1    15   320
   16  1025  1377     1    16   321
   17  1191  1373     1    17   322
   18  1587  1391     1    18   323
