point     x     y slice color    ID
    0   948  1363     1     0  2418
    1  1088  1285     1     1  2419
    2  1220  1235     1     2  2420
    3  1544  1185     1     3  2421
    4  1734  1191     1     4  2422
    5  1996  1205     1     5  2423
    6  2404  1281     1     6  2424
    7  2500  1283     1     7  2425
    8  2568  1299     1     8  2426
    9  2506  1341     1     9  2427
   10  2350  1389     1    10  2428
   11  2088  1489     1    11  2429
   12  1658  1535     1    12  2430
   13  1534  1537     1    13  2431
   14  1326  1513     1    14  2432
   15  1054  1465     1    15  2433
   16  1080  1353     1    16  2434
   17  1224  1361     1    17  2435
   18  1522  1387     1    18  2436
