point     x     y slice color    ID
    0  1336  1281     1     0   571
    1  1450  1212     1     1   572
    2  1582  1146     1     2   573
    3  1867  1077     1     3   574
    4  2041  1065     1     4   575
    5  2287  1077     1     5   576
    6  2635  1176     1     6   577
    7  2785  1221     1     7   578
    8  2833  1254     1     8   579
    9  2779  1275     1     9   580
   10  2656  1266     1    10   581
   11  2407  1341     1    11   582
   12  2011  1425     1    12   583
   13  1861  1416     1    13   584
   14  1702  1401     1    14   585
   15  1426  1377     1    15   586
   16  1450  1257     1    16   587
   17  1582  1248     1    17   588
   18  1867  1236     1    18   589
