point     x     y slice color    ID
    0   781  1422     1     0  1299
    1   958  1341     1     1  1300
    2  1120  1287     1     2  1301
    3  1510  1200     1     3  1302
    4  1750  1194     1     4  1303
    5  2122  1209     1     5  1304
    6  2638  1329     1     6  1305
    7  2794  1356     1     7  1306
    8  2842  1395     1     8  1307
    9  2797  1428     1     9  1308
   10  2623  1449     1    10  1309
   11  2320  1572     1    11  1310
   12  1690  1653     1    12  1311
   13  1498  1647     1    13  1312
   14  1189  1608     1    14  1313
   15   886  1548     1    15  1314
   16   955  1404     1    16  1315
   17  1129  1401     1    17  1316
   18  1507  1422     1    18  1317
