point     x     y slice color    ID
    0  1265  1212     1     0   551
    1  1389  1158     1     1   552
    2  1533  1116     1     2   553
    3  1813  1072     1     3   554
    4  1987  1072     1     4   555
    5  2263  1098     1     5   556
    6  2567  1214     1     6   557
    7  2711  1256     1     7   558
    8  2757  1292     1     8   559
    9  2705  1306     1     9   560
   10  2595  1294     1    10   561
   11  2339  1354     1    11   562
   12  1943  1402     1    12   563
   13  1783  1396     1    13   564
   14  1551  1372     1    14   565
   15  1341  1318     1    15   566
   16  1381  1208     1    16   567
   17  1531  1210     1    17   568
   18  1801  1222     1    18   569
