point     x     y slice color    ID
    0  2817   899     1     0   742
    1  2592  1046     1     1   743
    2  2406  1127     1     2   744
    3  2022  1235     1     3   745
    4  1788  1220     1     4   746
    5  1407  1202     1     5   747
    6   900  1118     1     6   748
    7   708  1130     1     7   749
    8   603  1124     1     8   750
    9   657  1052     1     9   751
   10   846   998     1    10   752
   11  1302   803     1    11   753
   12  1830   746     1    12   754
   13  2034   737     1    13   755
   14  2298   734     1    14   756
   15  2658   773     1    15   757
   16  2586   944     1    16   758
   17  2394   968     1    17   759
   18  1980   947     1    18   760
