point     x     y slice color    ID
    0  2586  1016     1     0   704
    1  2409  1091     1     1   705
    2  2247  1145     1     2   706
    3  1857  1205     1     3   707
    4  1638  1193     1     4   708
    5  1305  1178     1     5   709
    6   828  1130     1     6   710
    7   699  1175     1     7   711
    8   594  1178     1     8   712
    9   648  1100     1     9   713
   10   798  1022     1    10   714
   11  1200   854     1    11   715
   12  1674   794     1    12   716
   13  1857   788     1    13   717
   14  2124   812     1    14   718
   15  2454   872     1    15   719
   16  2412  1028     1    16   720
   17  2244  1022     1    17   721
   18  1839  1007     1    18   722
