point     x     y slice color    ID
    0  2871   974     1     0   552
    1  2664  1088     1     1   553
    2  2499  1133     1     2   554
    3  2073  1244     1     3   555
    4  1830  1247     1     4   556
    5  1440  1265     1     5   557
    6   921  1148     1     6   558
    7   720  1121     1     7   559
    8   639  1085     1     8   560
    9   714  1031     1     9   561
   10   867  1004     1    10   562
   11  1200   842     1    11   563
   12  1863   719     1    12   564
   13  2082   716     1    13   565
   14  2388   776     1    14   566
   15  2742   851     1    15   567
   16  2667   992     1    16   568
   17  2481  1007     1    17   569
   18  2052   980     1    18   570
