point     x     y slice color    ID
    0  2736   893     1     0   666
    1  2565  1016     1     1   667
    2  2385  1097     1     2   668
    3  1983  1214     1     3   669
    4  1743  1232     1     4   670
    5  1431  1211     1     5   671
    6   900  1049     1     6   672
    7   696   962     1     7   673
    8   639   902     1     8   674
    9   723   884     1     9   675
   10   912   896     1    10   676
   11  1269   785     1    11   677
   12  1785   713     1    12   678
   13  1968   713     1    13   679
   14  2262   728     1    14   680
   15  2589   755     1    15   681
   16  2565   965     1    16   682
   17  2385   983     1    17   683
   18  1974   989     1    18   684
