point     x     y slice color    ID
    0  2898  1091     1     0   761
    1  2700  1166     1     1   762
    2  2538  1220     1     2   763
    3  2127  1295     1     3   764
    4  1899  1289     1     4   765
    5  1575  1271     1     5   766
    6  1062  1199     1     6   767
    7   942  1232     1     7   768
    8   843  1229     1     8   769
    9   891  1145     1     9   770
   10  1035  1076     1    10   771
   11  1440   893     1    11   772
   12  1965   830     1    12   773
   13  2139   833     1    13   774
   14  2406   878     1    14   775
   15  2742   941     1    15   776
   16  2703  1109     1    16   777
   17  2529  1115     1    17   778
   18  2124  1076     1    18   779
