point     x     y slice color    ID
    0  2994   959     1     0   685
    1  2781  1064     1     1   686
    2  2601  1118     1     2   687
    3  2205  1187     1     3   688
    4  1977  1166     1     4   689
    5  1605  1151     1     5   690
    6  1044  1055     1     6   691
    7   912  1055     1     7   692
    8   813  1043     1     8   693
    9   885   977     1     9   694
   10  1056   914     1    10   695
   11  1467   767     1    11   696
   12  2001   719     1    12   697
   13  2199   713     1    13   698
   14  2496   746     1    14   699
   15  2844   806     1    15   700
   16  2781   989     1    16   701
   17  2586   998     1    17   702
   18  2175   971     1    18   703
