point     x     y slice color    ID
    0  2628  1097     1     0   609
    1  2463  1232     1     1   610
    2  2295  1292     1     2   611
    3  1947  1379     1     3   612
    4  1710  1379     1     4   613
    5  1353  1340     1     5   614
    6   903  1142     1     6   615
    7   768  1025     1     7   616
    8   735   959     1     8   617
    9   801   974     1     9   618
   10   954  1025     1    10   619
   11  1257   992     1    11   620
   12  1785   929     1    12   621
   13  1974   941     1    13   622
   14  2202   968     1    14   623
   15  2505  1001     1    15   624
   16  2451  1151     1    16   625
   17  2295  1157     1    17   626
   18  1911  1157     1    18   627
