point     x     y slice color    ID
    0  2889   959     1     0   723
    1  2727  1055     1     1   724
    2  2559  1130     1     2   725
    3  2109  1262     1     3   726
    4  1851  1283     1     4   727
    5  1506  1292     1     5   728
    6   948  1178     1     6   729
    7   750  1136     1     7   730
    8   687  1088     1     8   731
    9   744  1049     1     9   732
   10   921  1034     1    10   733
   11  1302   887     1    11   734
   12  1941   761     1    12   735
   13  2112   770     1    13   736
   14  2442   797     1    14   737
   15  2772   836     1    15   738
   16  2730  1001     1    16   739
   17  2562  1019     1    17   740
   18  2130  1001     1    18   741
