point     x     y slice color    ID
    0  2649   743     1     0   571
    1  2472   860     1     1   572
    2  2298   950     1     2   573
    3  1944  1061     1     3   574
    4  1731  1076     1     4   575
    5  1419  1109     1     5   576
    6   867  1049     1     6   577
    7   702  1046     1     7   578
    8   624  1010     1     8   579
    9   699   959     1     9   580
   10   828   929     1    10   581
   11  1233   773     1    11   582
   12  1734   656     1    12   583
   13  1902   629     1    13   584
   14  2157   611     1    14   585
   15  2481   623     1    15   586
   16  2463   794     1    16   587
   17  2283   818     1    17   588
   18  1875   869     1    18   589
