point     x     y slice color    ID
    0  2841   920     1     0   590
    1  2673  1034     1     1   591
    2  2502  1091     1     2   592
    3  2010  1199     1     3   593
    4  1740  1193     1     4   594
    5  1383  1166     1     5   595
    6   909  1010     1     6   596
    7   756   989     1     7   597
    8   660   959     1     8   598
    9   732   902     1     9   599
   10   876   872     1    10   600
   11  1263   728     1    11   601
   12  1845   653     1    12   602
   13  2007   656     1    13   603
   14  2358   686     1    14   604
   15  2697   755     1    15   605
   16  2676   944     1    16   606
   17  2493   962     1    17   607
   18  2040   920     1    18   608
