point     x     y slice color    ID
    0  2604   863     1     0   799
    1  2424   995     1     1   800
    2  2265  1052     1     2   801
    3  1860  1187     1     3   802
    4  1626  1217     1     4   803
    5  1299  1235     1     5   804
    6   786  1160     1     6   805
    7   594  1100     1     7   806
    8   552  1034     1     8   807
    9   624  1010     1     9   808
   10   741  1013     1    10   809
   11  1119   863     1    11   810
   12  1620   710     1    12   811
   13  1824   701     1    13   812
   14  2106   692     1    14   813
   15  2442   737     1    15   814
   16  2421   911     1    16   815
   17  2253   923     1    17   816
   18  1824   926     1    18   817
