point     x     y slice color    ID
    0  2700   722     1     0   818
    1  2496   881     1     1   819
    2  2358   938     1     2   820
    3  1926  1103     1     3   821
    4  1698  1115     1     4   822
    5  1311  1136     1     5   823
    6   723   983     1     6   824
    7   597   968     1     7   825
    8   546   920     1     8   826
    9   612   878     1     9   827
   10   732   869     1    10   828
   11  1179   719     1    11   829
   12  1695   617     1    12   830
   13  1899   590     1    13   831
   14  2211   590     1    14   832
   15  2526   596     1    15   833
   16  2502   782     1    16   834
   17  2334   824     1    17   835
   18  1890   842     1    18   836
