point     x     y slice color    ID
    0  2943  1109     1     0   837
    1  2739  1205     1     1   838
    2  2526  1265     1     2   839
    3  2070  1310     1     3   840
    4  1797  1283     1     4   841
    5  1422  1250     1     5   842
    6   924  1193     1     6   843
    7   732  1205     1     7   844
    8   627  1166     1     8   845
    9   690  1106     1     9   846
   10   930  1010     1    10   847
   11  1272   839     1    11   848
   12  1815   740     1    12   849
   13  2097   755     1    13   850
   14  2433   827     1    14   851
   15  2811   929     1    15   852
   16  2739  1127     1    16   853
   17  2532  1142     1    17   854
   18  2037  1052     1    18   855
