point     x     y slice color    ID
    0  2799   914     1     0   875
    1  2628  1037     1     1   876
    2  2454  1115     1     2   877
    3  2061  1223     1     3   878
    4  1863  1229     1     4   879
    5  1482  1214     1     5   880
    6  1026  1049     1     6   881
    7   843  1016     1     7   882
    8   765   980     1     8   883
    9   825   941     1     9   884
   10   999   935     1    10   885
   11  1332   830     1    11   886
   12  1854   752     1    12   887
   13  2067   743     1    13   888
   14  2388   770     1    14   889
   15  2673   803     1    15   890
   16  2622   959     1    16   891
   17  2445   983     1    17   892
   18  2037   998     1    18   893
