point     x     y slice color    ID
    0  2901  1085     1     0   894
    1  2694  1190     1     1   895
    2  2526  1247     1     2   896
    3  2076  1307     1     3   897
    4  1869  1289     1     4   898
    5  1503  1250     1     5   899
    6   993  1103     1     6   900
    7   828  1088     1     7   901
    8   744  1037     1     8   902
    9   807   986     1     9   903
   10   939   968     1    10   904
   11  1389   845     1    11   905
   12  1920   815     1    12   906
   13  2115   827     1    13   907
   14  2424   866     1    14   908
   15  2766   938     1    15   909
   16  2697  1124     1    16   910
   17  2508  1121     1    17   911
   18  2073  1079     1    18   912
