point     x     y slice color    ID
    0  2841   875     1     0   932
    1  2622  1001     1     1   933
    2  2412  1073     1     2   934
    3  2028  1175     1     3   935
    4  1752  1169     1     4   936
    5  1371  1115     1     5   937
    6   873  1022     1     6   938
    7   747  1064     1     7   939
    8   657  1070     1     8   940
    9   711   980     1     9   941
   10   879   866     1    10   942
   11  1236   731     1    11   943
   12  1779   665     1    12   944
   13  2016   665     1    13   945
   14  2310   671     1    14   946
   15  2664   731     1    15   947
   16  2616   926     1    16   948
   17  2403   932     1    17   949
   18  1962   941     1    18   950
