point     x     y slice color    ID
    0  3672  1464     1     0  2166
    1  3354  1212     1     1  2167
    2  3042  1116     1     2  2168
    3  2376  1008     1     3  2169
    4  1980  1068     1     4  2170
    5  1524  1182     1     5  2171
    6   618  1500     1     6  2172
    7   504  1524     1     7  2173
    8   414  1602     1     8  2174
    9   528  1638     1     9  2175
   10   666  1668     1    10  2176
   11  1350  1770     1    11  2177
   12  2166  1830     1    12  2178
   13  2418  1824     1    13  2179
   14  2862  1734     1    14  2180
   15  3432  1686     1    15  2181
   16  3360  1326     1    16  2182
   17  3024  1260     1    17  2183
   18  2328  1344     1    18  2184
