point     x     y slice color    ID
    0  3264  1488     1     0  2622
    1  3072  1380     1     1  2623
    2  2784  1272     1     2  2624
    3  2226  1206     1     3  2625
    4  1908  1218     1     4  2626
    5  1464  1284     1     5  2627
    6   822  1452     1     6  2628
    7   624  1494     1     7  2629
    8   540  1542     1     8  2630
    9   588  1578     1     9  2631
   10   768  1590     1    10  2632
   11  1194  1692     1    11  2633
   12  1962  1818     1    12  2634
   13  2286  1770     1    13  2635
   14  2754  1692     1    14  2636
   15  3108  1662     1    15  2637
   16  3054  1440     1    16  2638
   17  2784  1410     1    17  2639
   18  2286  1446     1    18  2640
