point     x     y slice color    ID
    0  3762  1584     1     0  2546
    1  3486  1428     1     1  2547
    2  3180  1314     1     2  2548
    3  2466  1230     1     3  2549
    4  2094  1230     1     4  2550
    5  1476  1314     1     5  2551
    6   486  1566     1     6  2552
    7   240  1608     1     7  2553
    8   138  1656     1     8  2554
    9   282  1704     1     9  2555
   10   540  1734     1    10  2556
   11  1110  1866     1    11  2557
   12  2190  2046     1    12  2558
   13  2514  2010     1    13  2559
   14  3072  1842     1    14  2560
   15  3570  1782     1    15  2561
   16  3498  1506     1    16  2562
   17  3150  1446     1    17  2563
   18  2514  1476     1    18  2564
