point     x     y slice color    ID
    0  3564  1344     1     0  1673
    1  3282  1164     1     1  1674
    2  2904  1056     1     2  1675
    3  2268  1020     1     3  1676
    4  1932  1044     1     4  1677
    5  1434  1110     1     5  1678
    6   696  1326     1     6  1679
    7   318  1380     1     7  1680
    8   210  1422     1     8  1681
    9   366  1524     1     9  1682
   10   636  1530     1    10  1683
   11  1188  1704     1    11  1684
   12  2094  1782     1    12  1685
   13  2304  1752     1    13  1686
   14  2730  1626     1    14  1687
   15  3324  1584     1    15  1688
   16  3270  1206     1    16  1689
   17  2934  1188     1    17  1690
   18  2328  1236     1    18  1691
