point     x     y slice color    ID
    0  4026  1734     1     0  1920
    1  3720  1524     1     1  1921
    2  3390  1404     1     2  1922
    3  2700  1212     1     3  1923
    4  2208  1200     1     4  1924
    5  1638  1266     1     5  1925
    6   744  1608     1     6  1926
    7   504  1656     1     7  1927
    8   402  1746     1     8  1928
    9   534  1794     1     9  1929
   10   834  1818     1    10  1930
   11  1284  2034     1    11  1931
   12  2382  2226     1    12  1932
   13  2724  2178     1    13  1933
   14  3366  2016     1    14  1934
   15  3786  1962     1    15  1935
   16  3714  1638     1    16  1936
   17  3360  1596     1    17  1937
   18  2652  1614     1    18  1938
