point     x     y slice color    ID
    0  3630  1674     1     0  2774
    1  3372  1506     1     1  2775
    2  3084  1380     1     2  2776
    3  2544  1338     1     3  2777
    4  2232  1374     1     4  2778
    5  1824  1452     1     5  2779
    6  1230  1668     1     6  2780
    7  1008  1734     1     7  2781
    8   930  1794     1     8  2782
    9   990  1830     1     9  2783
   10  1092  1836     1    10  2784
   11  1620  1974     1    11  2785
   12  2292  2022     1    12  2786
   13  2664  1980     1    13  2787
   14  2928  1860     1    14  2788
   15  3402  1848     1    15  2789
   16  3366  1596     1    16  2790
   17  3060  1542     1    17  2791
   18  2556  1584     1    18  2792
