point     x     y slice color    ID
    0  3918  1410     1     0  2242
    1  3570  1170     1     1  2243
    2  3210  1050     1     2  2244
    3  2586   966     1     3  2245
    4  2160   972     1     4  2246
    5  1722  1050     1     5  2247
    6   780  1308     1     6  2248
    7   570  1338     1     7  2249
    8   414  1410     1     8  2250
    9   558  1482     1     9  2251
   10   750  1500     1    10  2252
   11  1410  1722     1    11  2253
   12  2304  1800     1    12  2254
   13  2622  1782     1    13  2255
   14  2946  1698     1    14  2256
   15  3630  1638     1    15  2257
   16  3564  1296     1    16  2258
   17  3198  1266     1    17  2259
   18  2526  1344     1    18  2260
