point     x     y slice color    ID
    0  3594  1458     1     0  1749
    1  3222  1260     1     1  1750
    2  2904  1158     1     2  1751
    3  2292  1032     1     3  1752
    4  1914  1032     1     4  1753
    5  1440  1128     1     5  1754
    6   534  1434     1     6  1755
    7   402  1434     1     7  1756
    8   246  1518     1     8  1757
    9   432  1584     1     9  1758
   10   528  1590     1    10  1759
   11  1212  1806     1    11  1760
   12  2004  1908     1    12  1761
   13  2346  1896     1    13  1762
   14  2622  1776     1    14  1763
   15  3324  1722     1    15  1764
   16  3222  1386     1    16  1765
   17  2874  1350     1    17  1766
   18  2232  1434     1    18  1767
