point     x     y slice color    ID
    0  3816  1476     1     0  1787
    1  3480  1278     1     1  1788
    2  3156  1194     1     2  1789
    3  2460  1038     1     3  1790
    4  2064  1050     1     4  1791
    5  1464  1116     1     5  1792
    6   486  1386     1     6  1793
    7   282  1398     1     7  1794
    8   132  1488     1     8  1795
    9   288  1536     1     9  1796
   10   504  1560     1    10  1797
   11  1170  1818     1    11  1798
   12  2166  1968     1    12  1799
   13  2538  1896     1    13  1800
   14  3084  1794     1    14  1801
   15  3612  1722     1    15  1802
   16  3480  1404     1    16  1803
   17  3120  1428     1    17  1804
   18  2478  1470     1    18  1805
