point     x     y slice color    ID
    0  3900  1710     1     0  2755
    1  3582  1464     1     1  2756
    2  3282  1338     1     2  2757
    3  2610  1200     1     3  2758
    4  2238  1218     1     4  2759
    5  1716  1296     1     5  2760
    6   822  1488     1     6  2761
    7   600  1542     1     7  2762
    8   468  1584     1     8  2763
    9   594  1668     1     9  2764
   10   864  1710     1    10  2765
   11  1632  1932     1    11  2766
   12  2322  2040     1    12  2767
   13  2628  1992     1    13  2768
   14  2946  1920     1    14  2769
   15  3666  1908     1    15  2770
   16  3576  1644     1    16  2771
   17  3222  1620     1    17  2772
   18  2580  1656     1    18  2773
