point     x     y slice color    ID
    0  3936  1404     1     0  1844
    1  3570  1170     1     1  1845
    2  3222  1074     1     2  1846
    3  2484   930     1     3  1847
    4  2028   954     1     4  1848
    5  1404  1080     1     5  1849
    6   336  1464     1     6  1850
    7   162  1482     1     7  1851
    8    12  1590     1     8  1852
    9   162  1638     1     9  1853
   10   402  1632     1    10  1854
   11  1050  1818     1    11  1855
   12  2286  1980     1    12  1856
   13  2586  1914     1    13  1857
   14  3090  1746     1    14  1858
   15  3690  1656     1    15  1859
   16  3588  1350     1    16  1860
   17  3216  1350     1    17  1861
   18  2508  1422     1    18  1862
