point     x     y slice color    ID
    0  3546  1218     1     0  2185
    1  3228  1020     1     1  2186
    2  2934   954     1     2  2187
    3  2322   924     1     3  2188
    4  2028   978     1     4  2189
    5  1542  1038     1     5  2190
    6   732  1248     1     6  2191
    7   552  1254     1     7  2192
    8   462  1338     1     8  2193
    9   564  1386     1     9  2194
   10   732  1392     1    10  2195
   11  1332  1548     1    11  2196
   12  2112  1686     1    12  2197
   13  2376  1626     1    13  2198
   14  2808  1512     1    14  2199
   15  3324  1434     1    15  2200
   16  3252  1098     1    16  2201
   17  2916  1086     1    17  2202
   18  2334  1158     1    18  2203
