point     x     y slice color    ID
    0  3966  1254     1     0  1597
    1  3678  1050     1     1  1598
    2  3330   930     1     2  1599
    3  2568   792     1     3  1600
    4  2142   768     1     4  1601
    5  1608   822     1     5  1602
    6   744  1044     1     6  1603
    7   384  1140     1     7  1604
    8   222  1182     1     8  1605
    9   342  1254     1     9  1606
   10   636  1272     1    10  1607
   11  1206  1530     1    11  1608
   12  2256  1650     1    12  1609
   13  2562  1632     1    13  1610
   14  3204  1530     1    14  1611
   15  3732  1482     1    15  1612
   16  3672  1134     1    16  1613
   17  3288  1086     1    17  1614
   18  2646  1152     1    18  1615
