point     x     y slice color    ID
    0  3744  1488     1     0  2812
    1  3420  1350     1     1  2813
    2  3090  1290     1     2  2814
    3  2502  1176     1     3  2815
    4  2184  1146     1     4  2816
    5  1734  1194     1     5  2817
    6   744  1512     1     6  2818
    7   564  1542     1     7  2819
    8   450  1554     1     8  2820
    9   492  1668     1     9  2821
   10   690  1638     1    10  2822
   11  1314  1764     1    11  2823
   12  2268  2136     1    12  2824
   13  2532  2046     1    13  2825
   14  3060  1860     1    14  2826
   15  3552  1764     1    15  2827
   16  3444  1464     1    16  2828
   17  3078  1464     1    17  2829
   18  2436  1554     1    18  2830
