point     x     y slice color    ID
    0  3696  1542     1     0  2470
    1  3480  1362     1     1  2471
    2  3162  1236     1     2  2472
    3  2358  1068     1     3  2473
    4  1968  1086     1     4  2474
    5  1332  1158     1     5  2475
    6   330  1434     1     6  2476
    7   216  1434     1     7  2477
    8    78  1506     1     8  2478
    9   222  1590     1     9  2479
   10   450  1602     1    10  2480
   11  1110  1812     1    11  2481
   12  2088  1968     1    12  2482
   13  2442  1926     1    13  2483
   14  2994  1788     1    14  2484
   15  3474  1770     1    15  2485
   16  3432  1458     1    16  2486
   17  3084  1404     1    17  2487
   18  2448  1446     1    18  2488
