point     x     y slice color    ID
    0  3588  1362     1     0  2299
    1  3348  1182     1     1  2300
    2  2988  1062     1     2  2301
    3  2250   924     1     3  2302
    4  1830   924     1     4  2303
    5  1194   984     1     5  2304
    6   264  1290     1     6  2305
    7    42  1368     1     7  2306
    8     6  1446     1     8  2307
    9    78  1494     1     9  2308
   10   240  1488     1    10  2309
   11   864  1692     1    11  2310
   12  1962  1854     1    12  2311
   13  2316  1776     1    13  2312
   14  2862  1638     1    14  2313
   15  3378  1602     1    15  2314
   16  3306  1296     1    16  2315
   17  2964  1236     1    17  2316
   18  2340  1278     1    18  2317
