point     x     y slice color    ID
    0  3798  1482     1     0  1996
    1  3498  1320     1     1  1997
    2  3102  1236     1     2  1998
    3  2490  1110     1     3  1999
    4  2190  1158     1     4  2000
    5  1746  1206     1     5  2001
    6   924  1434     1     6  2002
    7   756  1464     1     7  2003
    8   666  1530     1     8  2004
    9   744  1602     1     9  2005
   10   948  1608     1    10  2006
   11  1530  1740     1    11  2007
   12  2322  1992     1    12  2008
   13  2544  1938     1    13  2009
   14  2862  1854     1    14  2010
   15  3546  1776     1    15  2011
   16  3480  1500     1    16  2012
   17  3120  1518     1    17  2013
   18  2562  1590     1    18  2014
