point     x     y slice color    ID
    0  3522  1182     1     0  1958
    1  3216  1086     1     1  1959
    2  2892  1002     1     2  1960
    3  2184   930     1     3  1961
    4  1872  1008     1     4  1962
    5  1452  1080     1     5  1963
    6   792  1374     1     6  1964
    7   510  1512     1     7  1965
    8   372  1614     1     8  1966
    9   510  1632     1     9  1967
   10   624  1638     1    10  1968
   11  1260  1752     1    11  1969
   12  2052  1794     1    12  1970
   13  2298  1770     1    13  1971
   14  2694  1608     1    14  1972
   15  3354  1458     1    15  1973
   16  3204  1206     1    16  1974
   17  2868  1206     1    17  1975
   18  2226  1308     1    18  1976
