point     x     y slice color    ID
    0  3540  1410     1     0  1711
    1  3240  1242     1     1  1712
    2  2958  1152     1     2  1713
    3  2340  1044     1     3  1714
    4  2016  1068     1     4  1715
    5  1584  1128     1     5  1716
    6   900  1320     1     6  1717
    7   636  1332     1     7  1718
    8   564  1404     1     8  1719
    9   630  1458     1     9  1720
   10   792  1488     1    10  1721
   11  1422  1650     1    11  1722
   12  2100  1800     1    12  1723
   13  2364  1764     1    13  1724
   14  2706  1710     1    14  1725
   15  3294  1656     1    15  1726
   16  3246  1386     1    16  1727
   17  2928  1398     1    17  1728
   18  2346  1410     1    18  1729
