point     x     y slice color    ID
    0  3498  1278     1     0  2375
    1  3174  1134     1     1  2376
    2  2832  1092     1     2  2377
    3  2208  1062     1     3  2378
    4  1980  1080     1     4  2379
    5  1620  1128     1     5  2380
    6   942  1356     1     6  2381
    7   648  1440     1     7  2382
    8   546  1482     1     8  2383
    9   654  1548     1     9  2384
   10   900  1572     1    10  2385
   11  1338  1668     1    11  2386
   12  2196  1938     1    12  2387
   13  2310  1920     1    13  2388
   14  2634  1758     1    14  2389
   15  3240  1584     1    15  2390
   16  3186  1314     1    16  2391
   17  2814  1338     1    17  2392
   18  2274  1566     1    18  2393
