point     x     y slice color    ID
    0  3504  1188     1     0  2356
    1  3168   978     1     1  2357
    2  2838   888     1     2  2358
    3  2202   828     1     3  2359
    4  1848   858     1     4  2360
    5  1374   948     1     5  2361
    6   468  1200     1     6  2362
    7   312  1218     1     7  2363
    8   216  1296     1     8  2364
    9   390  1332     1     9  2365
   10   540  1362     1    10  2366
   11  1068  1536     1    11  2367
   12  1950  1638     1    12  2368
   13  2232  1626     1    13  2369
   14  2682  1494     1    14  2370
   15  3186  1452     1    15  2371
   16  3156  1086     1    16  2372
   17  2802  1038     1    17  2373
   18  2184  1146     1    18  2374
