point     x     y slice color    ID
    0  3954   654     1     0  1559
    1  3594   612     1     1  1560
    2  3168   696     1     2  1561
    3  2328   978     1     3  1562
    4  1938  1158     1     4  1563
    5  1290  1548     1     5  1564
    6   360  2262     1     6  1565
    7   126  2370     1     7  1566
    8    42  2466     1     8  1567
    9   192  2502     1     9  1568
   10   348  2466     1    10  1569
   11  1224  2448     1    11  1570
   12  2424  2070     1    12  1571
   13  2814  1854     1    13  1572
   14  3378  1398     1    14  1573
   15  3840  1026     1    15  1574
   16  3624   714     1    16  1575
   17  3228   858     1    17  1576
   18  2574  1350     1    18  1577
