point     x     y slice color    ID
    0  3510  1332     1     0  1578
    1  3204  1164     1     1  1579
    2  2844  1068     1     2  1580
    3  2238   972     1     3  1581
    4  1842   972     1     4  1582
    5  1362  1044     1     5  1583
    6   648  1194     1     6  1584
    7   312  1248     1     7  1585
    8   180  1320     1     8  1586
    9   336  1374     1     9  1587
   10   504  1398     1    10  1588
   11  1146  1626     1    11  1589
   12  2148  1746     1    12  1590
   13  2298  1728     1    13  1591
   14  2628  1656     1    14  1592
   15  3252  1596     1    15  1593
   16  3204  1272     1    16  1594
   17  2826  1224     1    17  1595
   18  2250  1224     1    18  1596
