point     x     y slice color    ID
    0  3852  1410     1     0  2793
    1  3504  1242     1     1  2794
    2  3186  1158     1     2  2795
    3  2562  1116     1     3  2796
    4  2226  1146     1     4  2797
    5  1698  1236     1     5  2798
    6   720  1548     1     6  2799
    7   606  1584     1     7  2800
    8   504  1620     1     8  2801
    9   600  1656     1     9  2802
   10   804  1698     1    10  2803
   11  1476  1824     1    11  2804
   12  2358  1938     1    12  2805
   13  2694  1842     1    13  2806
   14  2994  1752     1    14  2807
   15  3636  1680     1    15  2808
   16  3510  1362     1    16  2809
   17  3174  1344     1    17  2810
   18  2544  1410     1    18  2811
