point     x     y slice color    ID
    0  3972  1362     1     0  2053
    1  3696  1206     1     1  2054
    2  3330  1110     1     2  2055
    3  2592  1044     1     3  2056
    4  2190  1068     1     4  2057
    5  1620  1128     1     5  2058
    6   666  1314     1     6  2059
    7   438  1320     1     7  2060
    8   294  1344     1     8  2061
    9   456  1446     1     9  2062
   10   606  1476     1    10  2063
   11  1320  1752     1    11  2064
   12  2304  1884     1    12  2065
   13  2670  1842     1    13  2066
   14  3240  1722     1    14  2067
   15  3750  1620     1    15  2068
   16  3696  1284     1    16  2069
   17  3306  1272     1    17  2070
   18  2628  1422     1    18  2071
