point     x     y slice color    ID
    0  4224  1548     1     0  1521
    1  3906  1392     1     1  1522
    2  3510  1242     1     2  1523
    3  2724  1098     1     3  1524
    4  2190  1098     1     4  1525
    5  1554  1200     1     5  1526
    6   708  1494     1     6  1527
    7   252  1674     1     7  1528
    8    90  1734     1     8  1529
    9   282  1830     1     9  1530
   10   540  1812     1    10  1531
   11  1218  2100     1    11  1532
   12  2358  2184     1    12  1533
   13  2796  2070     1    13  1534
   14  3438  1932     1    14  1535
   15  3954  1836     1    15  1536
   16  3900  1494     1    16  1537
   17  3510  1410     1    17  1538
   18  2712  1548     1    18  1539
