point     x     y slice color    ID
    0  3780  1500     1     0  2584
    1  3516  1368     1     1  2585
    2  3222  1260     1     2  2586
    3  2520  1158     1     3  2587
    4  2220  1170     1     4  2588
    5  1632  1236     1     5  2589
    6   894  1428     1     6  2590
    7   654  1458     1     7  2591
    8   504  1512     1     8  2592
    9   660  1566     1     9  2593
   10   816  1572     1    10  2594
   11  1302  1716     1    11  2595
   12  2310  1890     1    12  2596
   13  2628  1866     1    13  2597
   14  3114  1764     1    14  2598
   15  3480  1716     1    15  2599
   16  3522  1464     1    16  2600
   17  3180  1434     1    17  2601
   18  2634  1512     1    18  2602
