point     x     y slice color    ID
    0  3564  1428     1     0  1863
    1  3246  1254     1     1  1864
    2  2934  1146     1     2  1865
    3  2352  1020     1     3  1866
    4  1974  1038     1     4  1867
    5  1560  1092     1     5  1868
    6   912  1290     1     6  1869
    7   540  1380     1     7  1870
    8   438  1434     1     8  1871
    9   540  1506     1     9  1872
   10   762  1524     1    10  1873
   11  1356  1686     1    11  1874
   12  2070  1842     1    12  1875
   13  2442  1776     1    13  1876
   14  2712  1746     1    14  1877
   15  3312  1668     1    15  1878
   16  3252  1386     1    16  1879
   17  2934  1386     1    17  1880
   18  2292  1434     1    18  1881
