point     x     y slice color    ID
    0   492  1728     1     0  1635
    1   738  1542     1     1  1636
    2  1050  1410     1     2  1637
    3  1626  1302     1     3  1638
    4  1956  1308     1     4  1639
    5  2508  1326     1     5  1640
    6  3288  1584     1     6  1641
    7  3498  1620     1     7  1642
    8  3594  1668     1     8  1643
    9  3474  1740     1     9  1644
   10  3234  1776     1    10  1645
   11  2640  1938     1    11  1646
   12  1890  2034     1    12  1647
   13  1542  1968     1    13  1648
   14  1140  1938     1    14  1649
   15   726  1938     1    15  1650
   16   738  1620     1    16  1651
   17  1068  1596     1    17  1652
   18  1632  1554     1    18  1653
