point     x     y slice color    ID
    0  4008  1572     1     0  2565
    1  3684  1374     1     1  2566
    2  3378  1284     1     2  2567
    3  2634  1194     1     3  2568
    4  2214  1200     1     4  2569
    5  1674  1260     1     5  2570
    6   906  1452     1     6  2571
    7   474  1560     1     7  2572
    8   342  1620     1     8  2573
    9   486  1662     1     9  2574
   10   690  1686     1    10  2575
   11  1350  1878     1    11  2576
   12  2334  2058     1    12  2577
   13  2664  2004     1    13  2578
   14  3246  1830     1    14  2579
   15  3780  1776     1    15  2580
   16  3678  1482     1    16  2581
   17  3372  1440     1    17  2582
   18  2628  1542     1    18  2583
