point     x     y slice color    ID
    0  4146  1506     1     0  2110
    1  3762  1266     1     1  2111
    2  3438  1158     1     2  2112
    3  2640  1032     1     3  2113
    4  2208  1056     1     4  2114
    5  1644  1134     1     5  2115
    6   666  1392     1     6  2116
    7   444  1422     1     7  2117
    8   276  1512     1     8  2118
    9   456  1554     1     9  2119
   10   660  1608     1    10  2120
   11  1200  1770     1    11  2121
   12  2334  1962     1    12  2122
   13  2676  1932     1    13  2123
   14  3174  1830     1    14  2124
   15  3894  1800     1    15  2125
   16  3756  1422     1    16  2126
   17  3378  1416     1    17  2127
   18  2700  1500     1    18  2128
