point     x     y slice color    ID
    0  3876  1236     1     0  2394
    1  3600  1092     1     1  2395
    2  3258  1032     1     2  2396
    3  2616  1020     1     3  2397
    4  2238  1032     1     4  2398
    5  1926  1068     1     5  2399
    6  1362  1224     1     6  2400
    7  1098  1290     1     7  2401
    8   990  1338     1     8  2402
    9  1098  1398     1     9  2403
   10  1248  1416     1    10  2404
   11  1770  1608     1    11  2405
   12  2502  1746     1    12  2406
   13  2676  1698     1    13  2407
   14  3186  1578     1    14  2408
   15  3666  1476     1    15  2409
   16  3606  1158     1    16  2410
   17  3252  1134     1    17  2411
   18  2694  1194     1    18  2412
