point     x     y slice color    ID
    0  4200  1170     1     0  1540
    1  3810  1032     1     1  1541
    2  3438   996     1     2  1542
    3  2520  1026     1     3  1543
    4  2022  1146     1     4  1544
    5  1362  1350     1     5  1545
    6   432  1878     1     6  1546
    7   138  2016     1     7  1547
    8    24  2106     1     8  1548
    9   168  2166     1     9  1549
   10   348  2124     1    10  1550
   11  1188  2274     1    11  1551
   12  2436  2106     1    12  1552
   13  2862  1950     1    13  1553
   14  3444  1704     1    14  1554
   15  4032  1458     1    15  1555
   16  3858  1164     1    16  1556
   17  3486  1248     1    17  1557
   18  2748  1500     1    18  1558
