point     x     y slice color    ID
    0  3684  1356     1     0  2223
    1  3420  1206     1     1  2224
    2  3102  1110     1     2  2225
    3  2478  1044     1     3  2226
    4  2112  1080     1     4  2227
    5  1626  1152     1     5  2228
    6   930  1308     1     6  2229
    7   684  1332     1     7  2230
    8   576  1374     1     8  2231
    9   678  1440     1     9  2232
   10   864  1494     1    10  2233
   11  1458  1704     1    11  2234
   12  2226  1764     1    12  2235
   13  2508  1710     1    13  2236
   14  2898  1638     1    14  2237
   15  3420  1608     1    15  2238
   16  3402  1296     1    16  2239
   17  3060  1260     1    17  2240
   18  2460  1344     1    18  2241
