point     x     y slice color    ID
    0  4020  1452     1     0  1882
    1  3762  1302     1     1  1883
    2  3414  1188     1     2  1884
    3  2724  1080     1     3  1885
    4  2328  1098     1     4  1886
    5  1716  1170     1     5  1887
    6   768  1488     1     6  1888
    7   624  1494     1     7  1889
    8   480  1566     1     8  1890
    9   654  1614     1     9  1891
   10   828  1632     1    10  1892
   11  1470  1794     1    11  1893
   12  2448  1950     1    12  1894
   13  2772  1890     1    13  1895
   14  3306  1758     1    14  1896
   15  3798  1698     1    15  1897
   16  3762  1416     1    16  1898
   17  3372  1392     1    17  1899
   18  2748  1458     1    18  1900
