point     x     y slice color    ID
    0  4044  1626     1     0  2679
    1  3756  1422     1     1  2680
    2  3444  1302     1     2  2681
    3  2694  1110     1     3  2682
    4  2286  1122     1     4  2683
    5  1674  1176     1     5  2684
    6   648  1434     1     6  2685
    7   480  1440     1     7  2686
    8   354  1488     1     8  2687
    9   480  1572     1     9  2688
   10   654  1608     1    10  2689
   11  1266  1836     1    11  2690
   12  2424  2064     1    12  2691
   13  2730  2028     1    13  2692
   14  3288  1914     1    14  2693
   15  3792  1854     1    15  2694
   16  3744  1572     1    16  2695
   17  3372  1500     1    17  2696
   18  2712  1584     1    18  2697
