point     x     y slice color    ID
    0  4074  1554     1     0  2527
    1  3798  1362     1     1  2528
    2  3462  1230     1     2  2529
    3  2778  1104     1     3  2530
    4  2376  1122     1     4  2531
    5  1788  1206     1     5  2532
    6   786  1530     1     6  2533
    7   558  1578     1     7  2534
    8   432  1650     1     8  2535
    9   582  1692     1     9  2536
   10   912  1716     1    10  2537
   11  1416  1848     1    11  2538
   12  2472  1944     1    12  2539
   13  2796  1932     1    13  2540
   14  3354  1776     1    14  2541
   15  3822  1764     1    15  2542
   16  3774  1452     1    16  2543
   17  3456  1410     1    17  2544
   18  2748  1476     1    18  2545
