point     x     y slice color    ID
    0  3624  1548     1     0  2717
    1  3342  1386     1     1  2718
    2  3030  1242     1     2  2719
    3  2382  1164     1     3  2720
    4  2022  1158     1     4  2721
    5  1464  1266     1     5  2722
    6   576  1584     1     6  2723
    7   456  1596     1     7  2724
    8   390  1632     1     8  2725
    9   456  1686     1     9  2726
   10   594  1704     1    10  2727
   11  1164  1788     1    11  2728
   12  2136  1950     1    12  2729
   13  2502  1854     1    13  2730
   14  2982  1740     1    14  2731
   15  3384  1734     1    15  2732
   16  3348  1458     1    16  2733
   17  3006  1416     1    17  2734
   18  2466  1428     1    18  2735
