point     x     y slice color    ID
    0  4218  1374     1     0  2261
    1  3894  1182     1     1  2262
    2  3570  1044     1     2  2263
    3  2724   960     1     3  2264
    4  2208   996     1     4  2265
    5  1596  1074     1     5  2266
    6   456  1374     1     6  2267
    7   198  1386     1     7  2268
    8    96  1446     1     8  2269
    9   228  1536     1     9  2270
   10   480  1584     1    10  2271
   11  1230  1824     1    11  2272
   12  2406  1908     1    12  2273
   13  2808  1866     1    13  2274
   14  3396  1698     1    14  2275
   15  3960  1626     1    15  2276
   16  3894  1266     1    16  2277
   17  3510  1236     1    17  2278
   18  2706  1362     1    18  2279
