point     x     y slice color    ID
    0  4020  1332     1     0  2508
    1  3762  1158     1     1  2509
    2  3420  1056     1     2  2510
    3  2688   978     1     3  2511
    4  2256  1020     1     4  2512
    5  1674  1098     1     5  2513
    6   630  1404     1     6  2514
    7   468  1428     1     7  2515
    8   336  1482     1     8  2516
    9   468  1536     1     9  2517
   10   666  1536     1    10  2518
   11  1284  1722     1    11  2519
   12  2436  1812     1    12  2520
   13  2772  1800     1    13  2521
   14  3312  1644     1    14  2522
   15  3840  1548     1    15  2523
   16  3750  1236     1    16  2524
   17  3426  1206     1    17  2525
   18  2772  1302     1    18  2526
