point     x     y slice color    ID
    0   150  1338     1     0  2432
    1   462  1116     1     1  2433
    2   786  1020     1     2  2434
    3  1572   942     1     3  2435
    4  2034   948     1     4  2436
    5  2604  1002     1     5  2437
    6  3354  1146     1     6  2438
    7  3888  1218     1     7  2439
    8  4026  1248     1     8  2440
    9  3882  1308     1     9  2441
   10  3552  1392     1    10  2442
   11  2952  1596     1    11  2443
   12  1818  1764     1    12  2444
   13  1470  1764     1    13  2445
   14   984  1632     1    14  2446
   15   408  1566     1    15  2447
   16   468  1218     1    16  2448
   17   786  1176     1    17  2449
   18  1464  1212     1    18  2450
