point     x     y slice color    ID
    0  3798  1140     1     0  1825
    1  3438   894     1     1  1826
    2  3078   798     1     2  1827
    3  2358   642     1     3  1828
    4  1938   666     1     4  1829
    5  1308   708     1     5  1830
    6   396   996     1     6  1831
    7   108  1044     1     7  1832
    8     6  1110     1     8  1833
    9    78  1182     1     9  1834
   10   324  1230     1    10  1835
   11  1014  1494     1    11  1836
   12  1992  1626     1    12  1837
   13  2424  1578     1    13  1838
   14  2982  1464     1    14  1839
   15  3546  1368     1    15  1840
   16  3438  1050     1    16  1841
   17  3048  1020     1    17  1842
   18  2376  1104     1    18  1843
