point     x     y slice color    ID
    0  3942  1332     1     0  1464
    1  3516  1146     1     1  1465
    2  3168  1110     1     2  1466
    3  2448  1044     1     3  1467
    4  1998  1080     1     4  1468
    5  1392  1152     1     5  1469
    6   474  1506     1     6  1470
    7   318  1554     1     7  1471
    8   180  1626     1     8  1472
    9   342  1680     1     9  1473
   10   522  1710     1    10  1474
   11  1104  1848     1    11  1475
   12  2202  1944     1    12  1476
   13  2514  1884     1    13  1477
   14  2994  1788     1    14  1478
   15  3630  1644     1    15  1479
   16  3522  1320     1    16  1480
   17  3162  1302     1    17  1481
   18  2496  1488     1    18  1482
