point     x     y slice color    ID
    0  4002  1374     1     0  1502
    1  3612  1176     1     1  1503
    2  3252  1104     1     2  1504
    3  2490   984     1     3  1505
    4  2076  1026     1     4  1506
    5  1482  1092     1     5  1507
    6   648  1428     1     6  1508
    7   384  1518     1     7  1509
    8   246  1578     1     8  1510
    9   426  1656     1     9  1511
   10   612  1692     1    10  1512
   11  1338  1914     1    11  1513
   12  2262  1938     1    12  1514
   13  2502  1902     1    13  1515
   14  3072  1776     1    14  1516
   15  3726  1644     1    15  1517
   16  3618  1308     1    16  1518
   17  3252  1284     1    17  1519
   18  2586  1368     1    18  1520
