point     x     y slice color    ID
    0  3774  1428     1     0  2698
    1  3468  1272     1     1  2699
    2  3150  1164     1     2  2700
    3  2592  1032     1     3  2701
    4  2268  1026     1     4  2702
    5  1890  1068     1     5  2703
    6  1146  1278     1     6  2704
    7   744  1332     1     7  2705
    8   636  1398     1     8  2706
    9   738  1440     1     9  2707
   10   960  1500     1    10  2708
   11  1530  1674     1    11  2709
   12  2328  1854     1    12  2710
   13  2628  1788     1    13  2711
   14  2910  1704     1    14  2712
   15  3444  1686     1    15  2713
   16  3450  1368     1    16  2714
   17  3120  1362     1    17  2715
   18  2556  1428     1    18  2716
