point     x     y slice color    ID
    0  4068  1548     1     0  2603
    1  3804  1404     1     1  2604
    2  3438  1266     1     2  2605
    3  2646  1164     1     3  2606
    4  2226  1170     1     4  2607
    5  1716  1194     1     5  2608
    6   780  1404     1     6  2609
    7   450  1458     1     7  2610
    8   294  1500     1     8  2611
    9   402  1584     1     9  2612
   10   564  1596     1    10  2613
   11  1176  1818     1    11  2614
   12  2394  2034     1    12  2615
   13  2724  1992     1    13  2616
   14  3306  1854     1    14  2617
   15  3846  1770     1    15  2618
   16  3786  1458     1    16  2619
   17  3438  1416     1    17  2620
   18  2772  1452     1    18  2621
