point     x     y slice color    ID
    0  3990  1206     1     0  1483
    1  3672  1050     1     1  1484
    2  3336   960     1     2  1485
    3  2544   906     1     3  1486
    4  2070   906     1     4  1487
    5  1506   954     1     5  1488
    6   390  1242     1     6  1489
    7   252  1248     1     7  1490
    8   174  1302     1     8  1491
    9   294  1398     1     9  1492
   10   558  1428     1    10  1493
   11  1194  1644     1    11  1494
   12  2244  1800     1    12  1495
   13  2562  1764     1    13  1496
   14  3108  1620     1    14  1497
   15  3786  1470     1    15  1498
   16  3672  1128     1    16  1499
   17  3312  1068     1    17  1500
   18  2586  1140     1    18  1501
