point     x     y slice color    ID
    0  3876  1470     1     0  2337
    1  3540  1254     1     1  2338
    2  3186  1146     1     2  2339
    3  2526  1026     1     3  2340
    4  2154  1008     1     4  2341
    5  1542  1074     1     5  2342
    6   750  1356     1     6  2343
    7   492  1386     1     7  2344
    8   330  1458     1     8  2345
    9   426  1548     1     9  2346
   10   696  1554     1    10  2347
   11  1338  1794     1    11  2348
   12  2232  1950     1    12  2349
   13  2448  1932     1    13  2350
   14  3006  1794     1    14  2351
   15  3636  1740     1    15  2352
   16  3534  1398     1    16  2353
   17  3180  1368     1    17  2354
   18  2502  1464     1    18  2355
