point     x     y slice color    ID
    0  4236  1386     1     0  1616
    1  3930  1200     1     1  1617
    2  3576  1092     1     2  1618
    3  2796   960     1     3  1619
    4  2280   948     1     4  1620
    5  1536  1002     1     5  1621
    6   498  1296     1     6  1622
    7   210  1344     1     7  1623
    8    48  1416     1     8  1624
    9   222  1500     1     9  1625
   10   420  1506     1    10  1626
   11  1116  1692     1    11  1627
   12  2382  1938     1    12  1628
   13  2820  1920     1    13  1629
   14  3312  1764     1    14  1630
   15  3990  1650     1    15  1631
   16  3906  1332     1    16  1632
   17  3534  1290     1    17  1633
   18  2802  1362     1    18  1634
