point     x     y slice color    ID
    0  3900  1590     1     0  2015
    1  3612  1392     1     1  2016
    2  3294  1236     1     2  2017
    3  2646  1026     1     3  2018
    4  2280  1032     1     4  2019
    5  1842  1044     1     5  2020
    6   948  1242     1     6  2021
    7   780  1242     1     7  2022
    8   612  1284     1     8  2023
    9   786  1392     1     9  2024
   10   924  1440     1    10  2025
   11  1554  1716     1    11  2026
   12  2322  1932     1    12  2027
   13  2592  1920     1    13  2028
   14  2994  1794     1    14  2029
   15  3594  1824     1    15  2030
   16  3618  1506     1    16  2031
   17  3228  1404     1    17  2032
   18  2604  1428     1    18  2033
