point     x     y slice color    ID
    0  4236  1458     1     0  1730
    1  3918  1296     1     1  1731
    2  3582  1206     1     2  1732
    3  2790  1068     1     3  1733
    4  2334  1056     1     4  1734
    5  1626  1086     1     5  1735
    6   498  1314     1     6  1736
    7   252  1326     1     7  1737
    8    72  1416     1     8  1738
    9   246  1470     1     9  1739
   10   492  1500     1    10  1740
   11  1200  1776     1    11  1741
   12  2460  2028     1    12  1742
   13  2802  1992     1    13  1743
   14  3486  1818     1    14  1744
   15  3990  1734     1    15  1745
   16  3912  1416     1    16  1746
   17  3534  1374     1    17  1747
   18  2832  1500     1    18  1748
