point     x     y slice color    ID
    0  4062  1290     1     0  2280
    1  3750  1098     1     1  2281
    2  3390  1014     1     2  2282
    3  2634   936     1     3  2283
    4  2184   966     1     4  2284
    5  1638  1038     1     5  2285
    6   666  1374     1     6  2286
    7   414  1428     1     7  2287
    8   252  1500     1     8  2288
    9   420  1584     1     9  2289
   10   744  1566     1    10  2290
   11  1278  1698     1    11  2291
   12  2382  1848     1    12  2292
   13  2664  1806     1    13  2293
   14  3246  1662     1    14  2294
   15  3834  1524     1    15  2295
   16  3756  1164     1    16  2296
   17  3372  1152     1    17  2297
   18  2712  1188     1    18  2298
