point     x     y slice color    ID
    0   228  1392     1     0  2451
    1   492  1188     1     1  2452
    2   804  1080     1     2  2453
    3  1530   966     1     3  2454
    4  1968   996     1     4  2455
    5  2622  1074     1     5  2456
    6  3516  1392     1     6  2457
    7  3714  1464     1     7  2458
    8  3834  1524     1     8  2459
    9  3696  1584     1     9  2460
   10  3522  1596     1    10  2461
   11  2868  1746     1    11  2462
   12  1806  1872     1    12  2463
   13  1374  1740     1    13  2464
   14   978  1668     1    14  2465
   15   408  1614     1    15  2466
   16   480  1296     1    16  2467
   17   786  1302     1    17  2468
   18  1482  1374     1    18  2469
