point     x     y slice color    ID
    0  1038  1422     1     0  1768
    1  1248  1314     1     1  1769
    2  1560  1218     1     2  1770
    3  1920  1140     1     3  1771
    4  2130  1110     1     4  1772
    5  2322  1086     1     5  1773
    6  2544  1230     1     6  1774
    7  2598  1296     1     7  1775
    8  2634  1320     1     8  1776
    9  2586  1362     1     9  1777
   10  2514  1446     1    10  1778
   11  2526  1620     1    11  1779
   12  2034  1992     1    12  1780
   13  1872  1908     1    13  1781
   14  1410  1692     1    14  1782
   15  1152  1644     1    15  1783
   16  1248  1380     1    16  1784
   17  1560  1356     1    17  1785
   18  1974  1446     1    18  1786
