point     x     y slice color    ID
    0  4272  1326     1     0  1654
    1  3948  1140     1     1  1655
    2  3612  1062     1     2  1656
    3  2748   972     1     3  1657
    4  2280  1002     1     4  1658
    5  1596  1086     1     5  1659
    6   564  1428     1     6  1660
    7   276  1512     1     7  1661
    8    48  1584     1     8  1662
    9   264  1674     1     9  1663
   10   456  1692     1    10  1664
   11  1218  1944     1    11  1665
   12  2550  1962     1    12  1666
   13  2802  1920     1    13  1667
   14  3456  1740     1    14  1668
   15  4056  1590     1    15  1669
   16  3942  1272     1    16  1670
   17  3564  1254     1    17  1671
   18  2820  1392     1    18  1672
