point     x     y slice color    ID
    0  3960  1290     1     0  1977
    1  3582  1122     1     1  1978
    2  3210  1056     1     2  1979
    3  2676   990     1     3  1980
    4  2250  1020     1     4  1981
    5  1728  1122     1     5  1982
    6   930  1452     1     6  1983
    7   654  1548     1     7  1984
    8   516  1626     1     8  1985
    9   666  1704     1     9  1986
   10   918  1698     1    10  1987
   11  1482  1818     1    11  1988
   12  2436  1944     1    12  1989
   13  2694  1830     1    13  1990
   14  3078  1692     1    14  1991
   15  3726  1590     1    15  1992
   16  3576  1236     1    16  1993
   17  3240  1212     1    17  1994
   18  2622  1272     1    18  1995
