point     x     y slice color    ID
    0  3894  1338     1     0  2413
    1  3672  1146     1     1  2414
    2  3324  1008     1     2  2415
    3  2610   930     1     3  2416
    4  2220   930     1     4  2417
    5  1530   942     1     5  2418
    6   738  1128     1     6  2419
    7   468  1164     1     7  2420
    8   366  1230     1     8  2421
    9   498  1284     1     9  2422
   10   732  1284     1    10  2423
   11  1254  1470     1    11  2424
   12  2286  1722     1    12  2425
   13  2640  1698     1    13  2426
   14  3204  1548     1    14  2427
   15  3690  1518     1    15  2428
   16  3648  1194     1    16  2429
   17  3294  1158     1    17  2430
   18  2694  1146     1    18  2431
