point     x     y slice color    ID
    0   282  1398     1     0    39
    1   552  1206     1     1    40
    2   900  1086     1     2    41
    3  1524   984     1     3    42
    4  1908   996     1     4    43
    5  2406  1050     1     5    44
    6  3072  1242     1     6    45
    7  3504  1290     1     7    46
    8  3576  1344     1     8    47
    9  3438  1398     1     9    48
   10  3210  1446     1    10    49
   11  2352  1644     1    11    50
   12  1794  1752     1    12    51
   13  1482  1746     1    13    52
   14   966  1656     1    14    53
   15   492  1614     1    15    54
   16   552  1278     1    16    55
   17   876  1248     1    17    56
   18  1488  1248     1    18    57
