point     x     y slice color    ID
    0  3852  1296     1     0   153
    1  3582  1170     1     1   154
    2  3276  1092     1     2   155
    3  2604  1038     1     3   156
    4  2148  1086     1     4   157
    5  1566  1164     1     5   158
    6   684  1428     1     6   159
    7   396  1476     1     7   160
    8   294  1548     1     8   161
    9   396  1602     1     9   162
   10   708  1638     1    10   163
   11  1308  1740     1    11   164
   12  2292  1818     1    12   165
   13  2658  1806     1    13   166
   14  3162  1668     1    14   167
   15  3678  1566     1    15   168
   16  3582  1242     1    16   169
   17  3264  1212     1    17   170
   18  2610  1230     1    18   171
