point     x     y slice color    ID
    0  4062  1638     1     0  2869
    1  3780  1458     1     1  2870
    2  3456  1326     1     2  2871
    3  2724  1170     1     3  2872
    4  2244  1146     1     4  2873
    5  1620  1170     1     5  2874
    6   600  1386     1     6  2875
    7   324  1392     1     7  2876
    8   192  1524     1     8  2877
    9   336  1572     1     9  2878
   10   720  1596     1    10  2879
   11  1266  1824     1    11  2880
   12  2364  2034     1    12  2881
   13  2772  2016     1    13  2882
   14  3246  1932     1    14  2883
   15  3852  1872     1    15  2884
   16  3768  1548     1    16  2885
   17  3420  1488     1    17  2886
   18  2718  1482     1    18  2887
