point     x     y slice color    ID
    0  3840  1524     1     0  2850
    1  3564  1404     1     1  2851
    2  3282  1326     1     2  2852
    3  2628  1230     1     3  2853
    4  2118  1212     1     4  2854
    5  1506  1266     1     5  2855
    6   684  1440     1     6  2856
    7   354  1482     1     7  2857
    8   210  1536     1     8  2858
    9   324  1590     1     9  2859
   10   564  1626     1    10  2860
   11  1194  1860     1    11  2861
   12  2190  2028     1    12  2862
   13  2628  2028     1    13  2863
   14  3054  1908     1    14  2864
   15  3648  1806     1    15  2865
   16  3588  1494     1    16  2866
   17  3258  1506     1    17  2867
   18  2604  1566     1    18  2868
