point     x     y slice color    ID
    0    72  1500     1     0   115
    1   402  1332     1     1   116
    2   750  1230     1     2   117
    3  1518  1134     1     3   118
    4  1968  1140     1     4   119
    5  2646  1152     1     5   120
    6  3366  1242     1     6   121
    7  4068  1200     1     7   122
    8  4152  1260     1     8   123
    9  4020  1380     1     9   124
   10  3666  1494     1    10   125
   11  3012  1806     1    11   126
   12  1878  2010     1    12   127
   13  1434  2004     1    13   128
   14   840  1872     1    14   129
   15   252  1782     1    15   130
   16   402  1404     1    16   131
   17   744  1374     1    17   132
   18  1494  1386     1    18   133
