point     x     y slice color    ID
    0   456  1506     1     0    77
    1   684  1356     1     1    78
    2  1026  1224     1     2    79
    3  1542  1116     1     3    80
    4  1818  1146     1     4    81
    5  2286  1158     1     5    82
    6  2934  1296     1     6    83
    7  3144  1344     1     7    84
    8  3258  1392     1     8    85
    9  3168  1416     1     9    86
   10  2928  1476     1    10    87
   11  2490  1644     1    11    88
   12  1776  1854     1    12    89
   13  1536  1854     1    13    90
   14  1236  1776     1    14    91
   15   690  1716     1    15    92
   16   690  1482     1    16    93
   17  1008  1476     1    17    94
   18  1602  1506     1    18    95
