point     x     y slice color    ID
    0  3972  1302     1     0  2831
    1  3654  1140     1     1  2832
    2  3336  1038     1     2  2833
    3  2622   966     1     3  2834
    4  2172   984     1     4  2835
    5  1566  1062     1     5  2836
    6   630  1332     1     6  2837
    7   366  1362     1     7  2838
    8   216  1416     1     8  2839
    9   348  1494     1     9  2840
   10   564  1518     1    10  2841
   11  1248  1728     1    11  2842
   12  2316  1830     1    12  2843
   13  2652  1794     1    13  2844
   14  3174  1656     1    14  2845
   15  3774  1554     1    15  2846
   16  3654  1248     1    16  2847
   17  3342  1242     1    17  2848
   18  2634  1266     1    18  2849
