point     x     y slice color    ID
    0  3600  1548     1     0    58
    1  3246  1362     1     1    59
    2  2904  1290     1     2    60
    3  2370  1188     1     3    61
    4  1896  1206     1     4    62
    5  1380  1290     1     5    63
    6   672  1548     1     6    64
    7   396  1608     1     7    65
    8   264  1680     1     8    66
    9   408  1740     1     9    67
   10   762  1770     1    10    68
   11  1272  1908     1    11    69
   12  2070  2052     1    12    70
   13  2412  2040     1    13    71
   14  2682  1920     1    14    72
   15  3372  1824     1    15    73
   16  3222  1536     1    16    74
   17  2892  1548     1    17    75
   18  2238  1674     1    18    76
