point     x     y slice color    ID
    0  3906  1596     1     0     1
    1  3546  1422     1     1     2
    2  3252  1332     1     2     3
    3  2658  1218     1     3     4
    4  2202  1218     1     4     5
    5  1608  1290     1     5     6
    6   780  1554     1     6     7
    7   492  1602     1     7     8
    8   354  1650     1     8     9
    9   456  1728     1     9    10
   10   816  1776     1    10    11
   11  1410  1944     1    11    12
   12  2184  2100     1    12    13
   13  2682  2046     1    13    14
   14  2976  1962     1    14    15
   15  3678  1872     1    15    16
   16  3540  1572     1    16    17
   17  3228  1572     1    17    18
   18  2562  1674     1    18    19
