point     x     y slice color    ID
    0  3282  1386     1     0    96
    1  3012  1254     1     1    97
    2  2682  1146     1     2    98
    3  2094  1074     1     3    99
    4  1770  1080     1     4   100
    5  1296  1134     1     5   101
    6   690  1350     1     6   102
    7   306  1440     1     7   103
    8   216  1500     1     8   104
    9   336  1566     1     9   105
   10   570  1578     1    10   106
   11  1080  1698     1    11   107
   12  1842  1806     1    12   108
   13  2124  1794     1    13   109
   14  2580  1686     1    14   110
   15  3078  1644     1    15   111
   16  3006  1332     1    16   112
   17  2658  1290     1    17   113
   18  2064  1296     1    18   114
