point     x     y slice color    ID
    0  4068  1422     1     0   134
    1  3732  1254     1     1   135
    2  3420  1164     1     2   136
    3  2706  1050     1     3   137
    4  2208  1068     1     4   138
    5  1560  1110     1     5   139
    6   582  1320     1     6   140
    7   306  1332     1     7   141
    8   126  1416     1     8   142
    9   282  1488     1     9   143
   10   534  1542     1    10   144
   11  1302  1818     1    11   145
   12  2406  1950     1    12   146
   13  2682  1938     1    13   147
   14  3174  1836     1    14   148
   15  3858  1692     1    15   149
   16  3738  1410     1    16   150
   17  3384  1404     1    17   151
   18  2700  1518     1    18   152
