point     x     y slice color    ID
    0  3558  1326     1     0   305
    1  3252  1104     1     1   306
    2  2934  1026     1     2   307
    3  2394   924     1     3   308
    4  2034   942     1     4   309
    5  1566   978     1     5   310
    6   882  1128     1     6   311
    7   576  1188     1     7   312
    8   426  1236     1     8   313
    9   558  1320     1     9   314
   10   822  1350     1    10   315
   11  1374  1524     1    11   316
   12  2010  1632     1    12   317
   13  2424  1650     1    13   318
   14  2898  1584     1    14   319
   15  3306  1560     1    15   320
   16  3246  1272     1    16   321
   17  2904  1230     1    17   322
   18  2298  1284     1    18   323
