point     x     y slice color    ID
    0  3672  1272     1     0   267
    1  3396  1164     1     1   268
    2  3090  1068     1     2   269
    3  2490  1020     1     3   270
    4  2112  1044     1     4   271
    5  1656  1122     1     5   272
    6   936  1362     1     6   273
    7   624  1434     1     7   274
    8   540  1482     1     8   275
    9   666  1542     1     9   276
   10   888  1566     1    10   277
   11  1428  1692     1    11   278
   12  2256  1752     1    12   279
   13  2514  1740     1    13   280
   14  2970  1614     1    14   281
   15  3474  1530     1    15   282
   16  3384  1212     1    16   283
   17  3084  1194     1    17   284
   18  2454  1230     1    18   285
