point     x     y slice color    ID
    0  4086  1350     1     0   172
    1  3750  1134     1     1   173
    2  3372  1044     1     2   174
    3  2658   954     1     3   175
    4  2112   936     1     4   176
    5  1512   990     1     5   177
    6   828  1158     1     6   178
    7   216  1314     1     7   179
    8    84  1362     1     8   180
    9   228  1440     1     9   181
   10   468  1452     1    10   182
   11  1164  1728     1    11   183
   12  2274  1860     1    12   184
   13  2670  1824     1    13   185
   14  3390  1674     1    14   186
   15  3894  1596     1    15   187
   16  3750  1242     1    16   188
   17  3378  1206     1    17   189
   18  2634  1254     1    18   190
