point     x     y slice color    ID
    0  3912  1320     1     0   229
    1  3648  1170     1     1   230
    2  3312  1068     1     2   231
    3  2604   936     1     3   232
    4  2142   948     1     4   233
    5  1596  1002     1     5   234
    6   774  1230     1     6   235
    7   396  1290     1     7   236
    8   240  1356     1     8   237
    9   408  1428     1     9   238
   10   660  1446     1    10   239
   11  1254  1668     1    11   240
   12  2316  1764     1    12   241
   13  2610  1764     1    13   242
   14  3270  1686     1    14   243
   15  3738  1578     1    15   244
   16  3630  1272     1    16   245
   17  3300  1242     1    17   246
   18  2610  1260     1    18   247
