point     x     y slice color    ID
    0  3900  1548     1     0   362
    1  3546  1326     1     1   363
    2  3204  1212     1     2   364
    3  2586  1116     1     3   365
    4  2130  1158     1     4   366
    5  1596  1206     1     5   367
    6   804  1440     1     6   368
    7   540  1488     1     7   369
    8   462  1548     1     8   370
    9   534  1614     1     9   371
   10   786  1692     1    10   372
   11  1440  1866     1    11   373
   12  2208  1938     1    12   374
   13  2682  1908     1    13   375
   14  3102  1854     1    14   376
   15  3624  1818     1    15   377
   16  3540  1440     1    16   378
   17  3174  1416     1    17   379
   18  2526  1488     1    18   380
