point     x     y slice color    ID
    0  3876  1404     1     0   286
    1  3582  1200     1     1   287
    2  3282  1092     1     2   288
    3  2604   906     1     3   289
    4  2142   888     1     4   290
    5  1566   900     1     5   291
    6   756  1026     1     6   292
    7   366  1080     1     7   293
    8   228  1122     1     8   294
    9   372  1200     1     9   295
   10   570  1260     1    10   296
   11  1158  1572     1    11   297
   12  2226  1800     1    12   298
   13  2610  1782     1    13   299
   14  3168  1668     1    14   300
   15  3648  1638     1    15   301
   16  3570  1302     1    16   302
   17  3240  1248     1    17   303
   18  2514  1278     1    18   304
