point     x     y slice color    ID
    0  3618  1416     1     0   324
    1  3318  1218     1     1   325
    2  3030  1128     1     2   326
    3  2442  1008     1     3   327
    4  2058  1020     1     4   328
    5  1626  1068     1     5   329
    6   870  1254     1     6   330
    7   528  1350     1     7   331
    8   408  1410     1     8   332
    9   546  1476     1     9   333
   10   756  1494     1    10   334
   11  1410  1632     1    11   335
   12  2130  1770     1    12   336
   13  2454  1746     1    13   337
   14  2952  1674     1    14   338
   15  3390  1632     1    15   339
   16  3318  1338     1    16   340
   17  3006  1326     1    17   341
   18  2406  1380     1    18   342
