point     x     y slice color    ID
    0  3720  1236     1     0   381
    1  3432  1074     1     1   382
    2  3126  1008     1     2   383
    3  2556   966     1     3   384
    4  2160  1020     1     4   385
    5  1662  1098     1     5   386
    6   918  1326     1     6   387
    7   552  1428     1     7   388
    8   438  1470     1     8   389
    9   552  1518     1     9   390
   10   870  1548     1    10   391
   11  1404  1710     1    11   392
   12  2268  1734     1    12   393
   13  2646  1674     1    13   394
   14  3072  1560     1    14   395
   15  3540  1470     1    15   396
   16  3426  1152     1    16   397
   17  3096  1152     1    17   398
   18  2478  1254     1    18   399
