point     x     y slice color    ID
    0  3108  1284     1     0   248
    1  2826  1128     1     1   249
    2  2538  1056     1     2   250
    3  2040  1062     1     3   251
    4  1674  1092     1     4   252
    5  1254  1116     1     5   253
    6   618  1200     1     6   254
    7   306  1230     1     7   255
    8   198  1260     1     8   256
    9   312  1296     1     9   257
   10   612  1368     1    10   258
   11   996  1542     1    11   259
   12  1812  1680     1    12   260
   13  2100  1668     1    13   261
   14  2610  1548     1    14   262
   15  2922  1482     1    15   263
   16  2826  1236     1    16   264
   17  2526  1200     1    17   265
   18  1962  1260     1    18   266
