point     x     y slice color    ID
    0  3504  1374     1     0   647
    1  3240  1254     1     1   648
    2  2898  1158     1     2   649
    3  2268  1104     1     3   650
    4  1872  1146     1     4   651
    5  1428  1242     1     5   652
    6   612  1518     1     6   653
    7   390  1560     1     7   654
    8   246  1614     1     8   655
    9   384  1692     1     9   656
   10   792  1716     1    10   657
   11  1416  1860     1    11   658
   12  2124  1932     1    12   659
   13  2358  1890     1    13   660
   14  2652  1812     1    14   661
   15  3276  1668     1    15   662
   16  3234  1428     1    16   663
   17  2904  1440     1    17   664
   18  2316  1608     1    18   665
