point     x     y slice color    ID
    0  3990  1368     1     0   476
    1  3660  1182     1     1   477
    2  3336  1092     1     2   478
    3  2634   960     1     3   479
    4  2226   990     1     4   480
    5  1584  1038     1     5   481
    6   588  1254     1     6   482
    7   372  1278     1     7   483
    8   204  1356     1     8   484
    9   354  1422     1     9   485
   10   552  1434     1    10   486
   11  1248  1710     1    11   487
   12  2256  1848     1    12   488
   13  2646  1836     1    13   489
   14  3186  1758     1    14   490
   15  3786  1650     1    15   491
   16  3666  1320     1    16   492
   17  3306  1302     1    17   493
   18  2604  1350     1    18   494
