point     x     y slice color    ID
    0  3432  1278     1     0   704
    1  3096  1098     1     1   705
    2  2730  1014     1     2   706
    3  2214   966     1     3   707
    4  1812   972     1     4   708
    5  1332  1050     1     5   709
    6   420  1284     1     6   710
    7   270  1296     1     7   711
    8   150  1356     1     8   712
    9   264  1422     1     9   713
   10   444  1470     1    10   714
   11  1098  1680     1    11   715
   12  1974  1788     1    12   716
   13  2172  1764     1    13   717
   14  2556  1662     1    14   718
   15  3192  1566     1    15   719
   16  3078  1206     1    16   720
   17  2736  1194     1    17   721
   18  2100  1278     1    18   722
