point     x     y slice color    ID
    0  3744  1440     1     0   609
    1  3432  1272     1     1   610
    2  3114  1164     1     2   611
    3  2490  1044     1     3   612
    4  2124  1080     1     4   613
    5  1602  1146     1     5   614
    6   816  1410     1     6   615
    7   546  1458     1     7   616
    8   432  1518     1     8   617
    9   576  1608     1     9   618
   10   780  1620     1    10   619
   11  1422  1806     1    11   620
   12  2244  1908     1    12   621
   13  2550  1884     1    13   622
   14  2928  1788     1    14   623
   15  3546  1728     1    15   624
   16  3438  1374     1    16   625
   17  3090  1314     1    17   626
   18  2466  1398     1    18   627
