point     x     y slice color    ID
    0  3360  1392     1     0   628
    1  3030  1254     1     1   629
    2  2700  1218     1     2   630
    3  2172  1206     1     3   631
    4  1812  1254     1     4   632
    5  1344  1338     1     5   633
    6   516  1530     1     6   634
    7   348  1506     1     7   635
    8   252  1554     1     8   636
    9   366  1650     1     9   637
   10   600  1686     1    10   638
   11  1278  1872     1    11   639
   12  1980  1938     1    12   640
   13  2190  1932     1    13   641
   14  2652  1800     1    14   642
   15  3144  1662     1    15   643
   16  3030  1362     1    16   644
   17  2670  1368     1    17   645
   18  2112  1470     1    18   646
