point     x     y slice color    ID
    0  3576  1440     1     0   666
    1  3282  1242     1     1   667
    2  2964  1140     1     2   668
    3  2310  1008     1     3   669
    4  1896  1002     1     4   670
    5  1410  1044     1     5   671
    6   636  1254     1     6   672
    7   234  1314     1     7   673
    8   192  1398     1     8   674
    9   270  1458     1     9   675
   10   522  1434     1    10   676
   11  1188  1644     1    11   677
   12  2058  1758     1    12   678
   13  2316  1800     1    13   679
   14  2868  1686     1    14   680
   15  3342  1692     1    15   681
   16  3264  1302     1    16   682
   17  2922  1254     1    17   683
   18  2298  1242     1    18   684
