point     x     y slice color    ID
    0  3264  1398     1     0   533
    1  3012  1278     1     1   534
    2  2658  1200     1     2   535
    3  2160  1140     1     3   536
    4  1914  1116     1     4   537
    5  1734  1134     1     5   538
    6   972  1338     1     6   539
    7   756  1350     1     7   540
    8   672  1386     1     8   541
    9   756  1464     1     9   542
   10   912  1482     1    10   543
   11  1272  1578     1    11   544
   12  2052  1980     1    12   545
   13  2238  1926     1    13   546
   14  2652  1782     1    14   547
   15  3096  1674     1    15   548
   16  3012  1380     1    16   549
   17  2670  1344     1    17   550
   18  2112  1464     1    18   551
