point     x     y slice color    ID
    0  4182  1290     1     0   457
    1  3816  1104     1     1   458
    2  3474  1032     1     2   459
    3  2736   942     1     3   460
    4  2316   972     1     4   461
    5  1698  1068     1     5   462
    6   696  1380     1     6   463
    7   312  1470     1     7   464
    8   186  1566     1     8   465
    9   366  1590     1     9   466
   10   618  1620     1    10   467
   11  1356  1800     1    11   468
   12  2436  1956     1    12   469
   13  2808  1884     1    13   470
   14  3306  1716     1    14   471
   15  3990  1560     1    15   472
   16  3822  1248     1    16   473
   17  3444  1230     1    17   474
   18  2724  1374     1    18   475
