point     x     y slice color    ID
    0  3918  1308     1     0   685
    1  3594  1152     1     1   686
    2  3228  1086     1     2   687
    3  2502  1044     1     3   688
    4  2148  1104     1     4   689
    5  1686  1218     1     5   690
    6   780  1632     1     6   691
    7   672  1662     1     7   692
    8   486  1764     1     8   693
    9   606  1800     1     9   694
   10   822  1806     1    10   695
   11  1644  1860     1    11   696
   12  2442  1926     1    12   697
   13  2700  1848     1    13   698
   14  2982  1752     1    14   699
   15  3666  1608     1    15   700
   16  3606  1332     1    16   701
   17  3264  1374     1    17   702
   18  2598  1554     1    18   703
