point     x     y slice color    ID
    0  4122  1602     1     0   590
    1  3792  1404     1     1   591
    2  3414  1296     1     2   592
    3  2652  1152     1     3   593
    4  2220  1176     1     4   594
    5  1548  1266     1     5   595
    6   582  1548     1     6   596
    7   282  1584     1     7   597
    8   150  1680     1     8   598
    9   306  1734     1     9   599
   10   510  1746     1    10   600
   11  1200  1992     1    11   601
   12  2298  2178     1    12   602
   13  2742  2124     1    13   603
   14  3294  1962     1    14   604
   15  3870  1872     1    15   605
   16  3780  1536     1    16   606
   17  3420  1494     1    17   607
   18  2676  1554     1    18   608
