point     x     y slice color    ID
    0  2724  1398     1     0   514
    1  2436  1254     1     1   515
    2  2154  1218     1     2   516
    3  1698  1194     1     3   517
    4  1476  1206     1     4   518
    5  1086  1200     1     5   519
    6   684  1452     1     6   520
    7   348  1530     1     7   521
    8   240  1590     1     8   522
    9   366  1656     1     9   523
   10   510  1668     1    10   524
   11   888  1908     1    11   525
   12  1494  2160     1    12   526
   13  1788  2052     1    13   527
   14  2088  1866     1    14   528
   15  2628  1680     1    15   529
   16  2424  1470     1    16   530
   17  2088  1470     1    17   531
   18  1566  1644     1    18   532
