point     x     y slice color    ID
    0  3210  1560     1     0   932
    1  2970  1404     1     1   933
    2  2652  1278     1     2   934
    3  2136  1224     1     3   935
    4  1842  1260     1     4   936
    5  1374  1320     1     5   937
    6   600  1584     1     6   938
    7   426  1608     1     7   939
    8   378  1674     1     8   940
    9   462  1710     1     9   941
   10   732  1734     1    10   942
   11  1218  1788     1    11   943
   12  1950  1866     1    12   944
   13  2160  1842     1    13   945
   14  2562  1776     1    14   946
   15  3018  1770     1    15   947
   16  2958  1506     1    16   948
   17  2646  1470     1    17   949
   18  2088  1530     1    18   950
