point     x     y slice color    ID
    0  3690  1566     1     0   742
    1  3450  1404     1     1   743
    2  3114  1266     1     2   744
    3  2544  1218     1     3   745
    4  2202  1236     1     4   746
    5  1710  1320     1     5   747
    6   822  1584     1     6   748
    7   744  1596     1     7   749
    8   690  1626     1     8   750
    9   762  1674     1     9   751
   10  1182  1698     1    10   752
   11  1560  1746     1    11   753
   12  2316  1878     1    12   754
   13  2580  1860     1    13   755
   14  2952  1788     1    14   756
   15  3498  1776     1    15   757
   16  3450  1488     1    16   758
   17  3090  1422     1    17   759
   18  2520  1464     1    18   760
