point     x     y slice color    ID
    0  3564  1248     1     0   913
    1  3342  1104     1     1   914
    2  2982  1026     1     2   915
    3  2514   996     1     3   916
    4  2208  1020     1     4   917
    5  1764  1068     1     5   918
    6  1110  1194     1     6   919
    7   834  1212     1     7   920
    8   774  1290     1     8   921
    9   852  1344     1     9   922
   10  1044  1368     1    10   923
   11  1632  1572     1    11   924
   12  2286  1662     1    12   925
   13  2574  1602     1    13   926
   14  2892  1536     1    14   927
   15  3354  1482     1    15   928
   16  3324  1182     1    16   929
   17  2964  1140     1    17   930
   18  2508  1182     1    18   931
