point     x     y slice color    ID
    0  3378  1518     1     0   818
    1  3126  1296     1     1   819
    2  2820  1194     1     2   820
    3  2232  1074     1     3   821
    4  1938  1080     1     4   822
    5  1374  1146     1     5   823
    6   642  1374     1     6   824
    7   402  1422     1     7   825
    8   336  1488     1     8   826
    9   390  1536     1     9   827
   10   642  1578     1    10   828
   11  1224  1680     1    11   829
   12  2058  1800     1    12   830
   13  2250  1794     1    13   831
   14  2574  1734     1    14   832
   15  3144  1740     1    15   833
   16  3144  1452     1    16   834
   17  2796  1434     1    17   835
   18  2190  1458     1    18   836
