point     x     y slice color    ID
    0  3282   942     1     0   799
    1  2982   888     1     1   800
    2  2628   888     1     2   801
    3  2124   846     1     3   802
    4  1932   810     1     4   803
    5  1578   822     1     5   804
    6  1122  1074     1     6   805
    7   942  1080     1     7   806
    8   900  1146     1     8   807
    9   978  1224     1     9   808
   10  1104  1272     1    10   809
   11  1260  1566     1    11   810
   12  2100  1932     1    12   811
   13  2160  1908     1    13   812
   14  2718  1530     1    14   813
   15  3180  1254     1    15   814
   16  3000  1014     1    16   815
   17  2604  1032     1    17   816
   18  2142  1296     1    18   817
