point     x     y slice color    ID
    0  4158  1464     1     0   837
    1  3840  1266     1     1   838
    2  3498  1146     1     2   839
    3  2748  1002     1     3   840
    4  2280  1020     1     4   841
    5  1542  1146     1     5   842
    6   642  1482     1     6   843
    7   270  1560     1     7   844
    8   144  1644     1     8   845
    9   258  1698     1     9   846
   10   738  1770     1    10   847
   11  1296  1896     1    11   848
   12  2448  1944     1    12   849
   13  2796  1878     1    13   850
   14  3336  1800     1    14   851
   15  3924  1716     1    15   852
   16  3834  1374     1    16   853
   17  3462  1344     1    17   854
   18  2706  1434     1    18   855
