point     x     y slice color    ID
    0  3666  1392     1     0   894
    1  3384  1218     1     1   895
    2  3042  1110     1     2   896
    3  2478  1026     1     3   897
    4  2082  1068     1     4   898
    5  1614  1134     1     5   899
    6   732  1350     1     6   900
    7   558  1356     1     7   901
    8   444  1404     1     8   902
    9   540  1452     1     9   903
   10   876  1536     1    10   904
   11  1260  1632     1    11   905
   12  2214  1782     1    12   906
   13  2514  1758     1    13   907
   14  2904  1680     1    14   908
   15  3468  1626     1    15   909
   16  3378  1314     1    16   910
   17  3048  1290     1    17   911
   18  2430  1314     1    18   912
