point     x     y slice color    ID
    0  3570  1410     1     0   951
    1  3306  1284     1     1   952
    2  2964  1182     1     2   953
    3  2424  1110     1     3   954
    4  1998  1140     1     4   955
    5  1578  1218     1     5   956
    6  1038  1458     1     6   957
    7   906  1476     1     7   958
    8   804  1530     1     8   959
    9   888  1620     1     9   960
   10  1140  1656     1    10   961
   11  1536  1794     1    11   962
   12  2208  1920     1    12   963
   13  2472  1878     1    13   964
   14  2718  1782     1    14   965
   15  3366  1686     1    15   966
   16  3324  1452     1    16   967
   17  2964  1434     1    17   968
   18  2292  1524     1    18   969
