point     x     y slice color    ID
    0  3414  1092     1     0   780
    1  3162  1044     1     1   781
    2  2808  1008     1     2   782
    3  2304  1038     1     3   783
    4  2088  1014     1     4   784
    5  1668  1002     1     5   785
    6  1008  1200     1     6   786
    7   828  1230     1     7   787
    8   720  1278     1     8   788
    9   822  1344     1     9   789
   10  1332  1470     1    10   790
   11  1578  1776     1    11   791
   12  2226  1842     1    12   792
   13  2394  1812     1    13   793
   14  2814  1560     1    14   794
   15  3276  1380     1    15   795
   16  3162  1140     1    16   796
   17  2808  1146     1    17   797
   18  2328  1350     1    18   798
