point     x     y slice color    ID
    0  3954  1584     1     0   856
    1  3696  1386     1     1   857
    2  3324  1272     1     2   858
    3  2688  1152     1     3   859
    4  2394  1176     1     4   860
    5  1902  1230     1     5   861
    6  1092  1338     1     6   862
    7   900  1338     1     7   863
    8   864  1392     1     8   864
    9   906  1458     1     9   865
   10  1044  1500     1    10   866
   11  1638  1722     1    11   867
   12  2466  1860     1    12   868
   13  2784  1842     1    13   869
   14  3300  1788     1    14   870
   15  3720  1800     1    15   871
   16  3690  1500     1    16   872
   17  3306  1446     1    17   873
   18  2730  1416     1    18   874
