point     x     y slice color    ID
    0  4176  1398     1     0   723
    1  3888  1230     1     1   724
    2  3564  1110     1     2   725
    3  2904  1014     1     3   726
    4  2472  1026     1     4   727
    5  1764  1110     1     5   728
    6   948  1278     1     6   729
    7   504  1320     1     7   730
    8   378  1392     1     8   731
    9   492  1464     1     9   732
   10   738  1488     1    10   733
   11  1464  1698     1    11   734
   12  2574  1794     1    12   735
   13  2904  1752     1    13   736
   14  3438  1686     1    14   737
   15  3984  1644     1    15   738
   16  3882  1326     1    16   739
   17  3540  1278     1    17   740
   18  2916  1362     1    18   741
