point     x     y slice color    ID
    0  4074  1464     1     0   989
    1  3738  1236     1     1   990
    2  3396  1098     1     2   991
    3  2640   906     1     3   992
    4  2250   912     1     4   993
    5  1554   960     1     5   994
    6   690  1194     1     6   995
    7   612  1218     1     7   996
    8   444  1308     1     8   997
    9   570  1422     1     9   998
   10   654  1440     1    10   999
   11  1296  1716     1    11  1000
   12  2238  1866     1    12  1001
   13  2682  1836     1    13  1002
   14  3192  1752     1    14  1003
   15  3816  1698     1    15  1004
   16  3726  1368     1    16  1005
   17  3360  1326     1    17  1006
   18  2628  1362     1    18  1007
