point     x     y slice color    ID
    0  4236  1500     1     0  1027
    1  3846  1248     1     1  1028
    2  3486  1164     1     2  1029
    3  2706  1074     1     3  1030
    4  2196  1098     1     4  1031
    5  1638  1158     1     5  1032
    6   636  1452     1     6  1033
    7   342  1506     1     7  1034
    8   204  1578     1     8  1035
    9   330  1674     1     9  1036
   10   630  1692     1    10  1037
   11  1302  1950     1    11  1038
   12  2454  2040     1    12  1039
   13  2760  2004     1    13  1040
   14  3426  1836     1    14  1041
   15  4014  1734     1    15  1042
   16  3846  1374     1    16  1043
   17  3480  1338     1    17  1044
   18  2730  1404     1    18  1045
