point     x     y slice color    ID
    0  3600  1350     1     0  1141
    1  3300  1188     1     1  1142
    2  2934  1104     1     2  1143
    3  2250  1050     1     3  1144
    4  1896  1062     1     4  1145
    5  1428  1128     1     5  1146
    6   528  1452     1     6  1147
    7   324  1488     1     7  1148
    8   270  1554     1     8  1149
    9   372  1614     1     9  1150
   10   606  1590     1    10  1151
   11  1206  1722     1    11  1152
   12  2040  1836     1    12  1153
   13  2328  1806     1    13  1154
   14  2874  1680     1    14  1155
   15  3408  1608     1    15  1156
   16  3294  1284     1    16  1157
   17  2928  1242     1    17  1158
   18  2322  1266     1    18  1159
