point     x     y slice color    ID
    0  3756  1248     1     0  1084
    1  3438  1116     1     1  1085
    2  3078  1050     1     2  1086
    3  2490   954     1     3  1087
    4  2118  1002     1     4  1088
    5  1602  1092     1     5  1089
    6   852  1374     1     6  1090
    7   546  1440     1     7  1091
    8   414  1506     1     8  1092
    9   522  1548     1     9  1093
   10   780  1572     1    10  1094
   11  1386  1710     1    11  1095
   12  2274  1806     1    12  1096
   13  2586  1764     1    13  1097
   14  2952  1638     1    14  1098
   15  3570  1506     1    15  1099
   16  3432  1242     1    16  1100
   17  3072  1188     1    17  1101
   18  2490  1308     1    18  1102
