point     x     y slice color    ID
    0  4272  1326     1     0  1179
    1  3936  1176     1     1  1180
    2  3618  1080     1     2  1181
    3  2790  1008     1     3  1182
    4  2286  1038     1     4  1183
    5  1620  1164     1     5  1184
    6   720  1446     1     6  1185
    7   240  1542     1     7  1186
    8    72  1626     1     8  1187
    9   240  1680     1     9  1188
   10   450  1692     1    10  1189
   11  1362  1926     1    11  1190
   12  2472  1968     1    12  1191
   13  2892  1890     1    13  1192
   14  3504  1758     1    14  1193
   15  4080  1674     1    15  1194
   16  3930  1296     1    16  1195
   17  3564  1272     1    17  1196
   18  2718  1350     1    18  1197
