point     x     y slice color    ID
    0  3096  1398     1     0  1065
    1  2880  1224     1     1  1066
    2  2580  1098     1     2  1067
    3  1968   894     1     3  1068
    4  1728   912     1     4  1069
    5  1356   972     1     5  1070
    6   756  1182     1     6  1071
    7   504  1242     1     7  1072
    8   438  1332     1     8  1073
    9   558  1338     1     9  1074
   10   810  1344     1    10  1075
   11  1224  1620     1    11  1076
   12  1812  1734     1    12  1077
   13  2034  1722     1    13  1078
   14  2334  1608     1    14  1079
   15  2892  1602     1    15  1080
   16  2862  1320     1    16  1081
   17  2550  1284     1    17  1082
   18  1986  1302     1    18  1083
