point     x     y slice color    ID
    0  3924  1422     1     0  1122
    1  3618  1242     1     1  1123
    2  3264  1134     1     2  1124
    3  2616  1026     1     3  1125
    4  2322  1056     1     4  1126
    5  1836  1146     1     5  1127
    6  1050  1428     1     6  1128
    7   900  1458     1     7  1129
    8   798  1524     1     8  1130
    9   924  1572     1     9  1131
   10  1116  1614     1    10  1132
   11  1722  1764     1    11  1133
   12  2376  1842     1    12  1134
   13  2694  1842     1    13  1135
   14  3174  1704     1    14  1136
   15  3672  1662     1    15  1137
   16  3624  1380     1    16  1138
   17  3252  1362     1    17  1139
   18  2664  1434     1    18  1140
