point     x     y slice color    ID
    0  3978  1356     1     0  1198
    1  3624  1182     1     1  1199
    2  3312  1074     1     2  1200
    3  2610   960     1     3  1201
    4  2100   966     1     4  1202
    5  1476  1020     1     5  1203
    6   510  1326     1     6  1204
    7   192  1368     1     7  1205
    8    72  1434     1     8  1206
    9   204  1482     1     9  1207
   10   396  1524     1    10  1208
   11  1116  1782     1    11  1209
   12  2220  1920     1    12  1210
   13  2556  1908     1    13  1211
   14  3084  1746     1    14  1212
   15  3744  1614     1    15  1213
   16  3630  1332     1    16  1214
   17  3270  1290     1    17  1215
   18  2532  1416     1    18  1216
