point     x     y slice color    ID
    0  3498  1380     1     0  1046
    1  3222  1188     1     1  1047
    2  2868  1080     1     2  1048
    3  2346   960     1     3  1049
    4  2034   954     1     4  1050
    5  1512  1038     1     5  1051
    6   666  1332     1     6  1052
    7   492  1362     1     7  1053
    8   420  1428     1     8  1054
    9   522  1464     1     9  1055
   10   660  1458     1    10  1056
   11  1332  1596     1    11  1057
   12  2022  1728     1    12  1058
   13  2412  1686     1    13  1059
   14  2712  1620     1    14  1060
   15  3252  1608     1    15  1061
   16  3198  1290     1    16  1062
   17  2850  1248     1    17  1063
   18  2238  1260     1    18  1064
