point     x     y slice color    ID
    0  4140  1440     1     0  1217
    1  3840  1236     1     1  1218
    2  3474  1110     1     2  1219
    3  2718   954     1     3  1220
    4  2274   984     1     4  1221
    5  1644  1080     1     5  1222
    6   678  1362     1     6  1223
    7   270  1410     1     7  1224
    8   156  1458     1     8  1225
    9   270  1554     1     9  1226
   10   558  1560     1    10  1227
   11  1254  1788     1    11  1228
   12  2472  1890     1    12  1229
   13  2748  1866     1    13  1230
   14  3336  1776     1    14  1231
   15  3930  1674     1    15  1232
   16  3834  1338     1    16  1233
   17  3450  1278     1    17  1234
   18  2736  1356     1    18  1235
