point     x     y slice color    ID
    0  4062  1422     1     0  1312
    1  3738  1230     1     1  1313
    2  3378  1116     1     2  1314
    3  2622  1020     1     3  1315
    4  2154  1032     1     4  1316
    5  1554  1140     1     5  1317
    6   474  1452     1     6  1318
    7   282  1470     1     7  1319
    8   126  1530     1     8  1320
    9   228  1620     1     9  1321
   10   456  1644     1    10  1322
   11  1206  1908     1    11  1323
   12  2334  1992     1    12  1324
   13  2688  1932     1    13  1325
   14  3180  1788     1    14  1326
   15  3828  1674     1    15  1327
   16  3708  1332     1    16  1328
   17  3336  1320     1    17  1329
   18  2646  1428     1    18  1330
