point     x     y slice color    ID
    0  3582  1374     1     0  1274
    1  3294  1272     1     1  1275
    2  2964  1206     1     2  1276
    3  2286  1218     1     3  1277
    4  2118  1230     1     4  1278
    5  1776  1236     1     5  1279
    6   930  1470     1     6  1280
    7   702  1518     1     7  1281
    8   618  1590     1     8  1282
    9   768  1620     1     9  1283
   10   942  1632     1    10  1284
   11  1470  1758     1    11  1285
   12  2178  1950     1    12  1286
   13  2364  1944     1    13  1287
   14  2796  1830     1    14  1288
   15  3432  1644     1    15  1289
   16  3294  1380     1    16  1290
   17  2940  1368     1    17  1291
   18  2382  1590     1    18  1292
