point     x     y slice color    ID
    0  3600  1704     1     0  1331
    1  3378  1530     1     1  1332
    2  3048  1326     1     2  1333
    3  2382  1188     1     3  1334
    4  2136  1194     1     4  1335
    5  1656  1242     1     5  1336
    6   972  1398     1     6  1337
    7   804  1428     1     7  1338
    8   648  1464     1     8  1339
    9   786  1536     1     9  1340
   10   966  1542     1    10  1341
   11  1434  1722     1    11  1342
   12  2172  1884     1    12  1343
   13  2388  1890     1    13  1344
   14  2784  1848     1    14  1345
   15  3288  1896     1    15  1346
   16  3348  1572     1    16  1347
   17  2964  1506     1    17  1348
   18  2502  1470     1    18  1349
