point     x     y slice color    ID
    0  3618  1092     1     0  1236
    1  3246  1014     1     1  1237
    2  2886  1014     1     2  1238
    3  2154  1056     1     3  1239
    4  1932  1068     1     4  1240
    5  1680  1092     1     5  1241
    6  1134  1290     1     6  1242
    7   750  1380     1     7  1243
    8   630  1434     1     8  1244
    9   792  1512     1     9  1245
   10   954  1530     1    10  1246
   11  1206  1626     1    11  1247
   12  2250  2232     1    12  1248
   13  2280  2232     1    13  1249
   14  3162  1650     1    14  1250
   15  3504  1374     1    15  1251
   16  3252  1128     1    16  1252
   17  2892  1134     1    17  1253
   18  2424  1404     1    18  1254
