point     x     y slice color    ID
    0  4158  1680     1     0     1
    1  3900  1446     1     1     2
    2  3612  1296     1     2     3
    3  2946  1068     1     3     4
    4  2520  1014     1     4     5
    5  1866  1032     1     5     6
    6   774  1290     1     6     7
    7   684  1272     1     7     8
    8   522  1344     1     8     9
    9   702  1428     1     9    10
   10   876  1422     1    10    11
   11  1500  1710     1    11    12
   12  2538  1848     1    12    13
   13  2970  1866     1    13    14
   14  3510  1830     1    14    15
   15  3912  1836     1    15    16
   16  3882  1530     1    16    17
   17  3558  1482     1    17    18
   18  2928  1470     1    18    19
