point     x     y slice color    ID
    0  3120  1542     1     0  1369
    1  2916  1380     1     1  1370
    2  2604  1242     1     2  1371
    3  2088  1182     1     3  1372
    4  1776  1170     1     4  1373
    5  1320  1248     1     5  1374
    6   684  1452     1     6  1375
    7   486  1488     1     7  1376
    8   390  1560     1     8  1377
    9   474  1602     1     9  1378
   10   660  1602     1    10  1379
   11  1164  1704     1    11  1380
   12  1860  1800     1    12  1381
   13  2160  1752     1    13  1382
   14  2436  1692     1    14  1383
   15  2886  1722     1    15  1384
   16  2904  1440     1    16  1385
   17  2568  1368     1    17  1386
   18  2088  1362     1    18  1387
