point     x     y slice color    ID
    0  3942  1548     1     0  1426
    1  3648  1332     1     1  1427
    2  3276  1170     1     2  1428
    3  2568   984     1     3  1429
    4  2142   972     1     4  1430
    5  1512  1038     1     5  1431
    6   624  1242     1     6  1432
    7   294  1278     1     7  1433
    8   198  1350     1     8  1434
    9   312  1428     1     9  1435
   10   588  1452     1    10  1436
   11  1080  1704     1    11  1437
   12  2238  1866     1    12  1438
   13  2508  1872     1    13  1439
   14  3084  1812     1    14  1440
   15  3666  1752     1    15  1441
   16  3624  1410     1    16  1442
   17  3276  1326     1    17  1443
   18  2574  1314     1    18  1444
