point     x     y slice color    ID
    0  3354  1368     1     0  1293
    1  3084  1224     1     1  1294
    2  2766  1110     1     2  1295
    3  2214  1032     1     3  1296
    4  1878  1068     1     4  1297
    5  1356  1194     1     5  1298
    6   630  1536     1     6  1299
    7   474  1572     1     7  1300
    8   342  1650     1     8  1301
    9   480  1704     1     9  1302
   10   660  1674     1    10  1303
   11  1296  1728     1    11  1304
   12  2124  1740     1    12  1305
   13  2280  1710     1    13  1306
   14  2598  1632     1    14  1307
   15  3126  1590     1    15  1308
   16  3096  1314     1    16  1309
   17  2736  1284     1    17  1310
   18  2190  1356     1    18  1311
