point     x     y slice color    ID
    0  3840  1440     1     0  1350
    1  3540  1242     1     1  1351
    2  3180  1116     1     2  1352
    3  2616  1020     1     3  1353
    4  2238  1032     1     4  1354
    5  1668  1128     1     5  1355
    6   918  1362     1     6  1356
    7   702  1392     1     7  1357
    8   594  1452     1     8  1358
    9   684  1530     1     9  1359
   10   912  1542     1    10  1360
   11  1548  1716     1    11  1361
   12  2352  1830     1    12  1362
   13  2640  1770     1    13  1363
   14  3006  1686     1    14  1364
   15  3564  1674     1    15  1365
   16  3522  1338     1    16  1366
   17  3168  1278     1    17  1367
   18  2586  1302     1    18  1368
